87
17 67 33 63 56 65 14 92 88 57 39 35 28 16 71 29 30 75 2 54 84 79 90 21 48 5 50 15 87 78 27 12 95 46 41 32 47 19 25 52 42 10 7 62 8 83 45 60 68 3 61 49 37 38 59 26 73 9 36 74 34 1 51 4 44 6 24 20 22 70 66 55 72 94 69 80 13 89 18 91 85 76 40 64 58 31 43 
84
75 58 73 7 56 26 57 54 51 16 8 63 80 29 68 43 20 25 69 28 83 37 65 49 64 76 27 18 13 19 10 55 15 74 4 88 84 50 5 82 30 38 59 23 81 22 52 36 87 60 71 53 21 41 44 72 45 40 2 33 66 77 85 34 46 42 48 70 67 86 1 78 3 9 24 35 39 31 32 12 47 17 79 14 
79
45 37 2 25 1 7 33 80 62 43 21 75 3 73 11 23 66 16 31 81 69 67 42 26 19 22 79 83 41 40 77 6 51 52 59 50 29 44 63 54 13 35 55 34 9 86 61 76 47 20 49 60 32 82 74 68 46 15 8 10 85 18 48 38 28 72 24 5 30 58 70 56 53 27 4 57 65 71 36 
74
2 12 14 21 18 15 54 41 24 72 26 71 52 77 8 37 36 25 33 78 46 38 22 31 64 57 80 70 76 60 34 51 28 19 53 73 74 35 43 49 23 16 67 11 6 10 7 40 44 3 69 4 27 39 32 1 9 13 61 47 20 79 68 45 29 63 30 17 59 75 50 56 55 65 
76
47 73 39 45 36 31 15 44 18 2 75 41 10 72 25 56 37 38 35 9 30 34 48 80 7 8 79 12 5 63 74 1 49 53 32 69 43 3 58 14 78 71 61 67 70 26 4 13 59 21 46 64 28 81 33 66 24 68 22 52 62 50 6 77 42 27 51 19 60 11 16 54 23 17 29 57 
82
67 76 29 41 87 34 65 63 55 89 32 27 50 57 83 38 31 66 11 15 59 4 21 19 26 40 70 7 79 3 24 60 20 22 71 73 9 25 90 28 37 17 23 48 53 10 56 74 6 12 33 42 49 82 5 62 39 72 45 2 46 44 78 36 18 52 80 35 47 61 13 14 30 16 54 84 88 69 1 68 81 85 
81
20 60 9 40 46 2 35 83 50 17 39 18 52 29 59 80 43 15 76 34 78 6 38 24 28 30 13 57 67 44 1 53 49 69 25 16 42 3 72 79 19 41 22 74 4 66 45 56 27 12 32 10 84 61 75 8 73 7 55 58 47 63 82 33 77 5 23 64 71 26 36 11 51 70 81 62 48 85 68 21 65 
