8 8 8 8 8 20 8 0 20 16 8 8 8 8 8 6 9 8 8 8 8 20 8 17 6 28 24 10 23 18 12 
4 16 29 10 2 29 5 30 31 20 26 17 31 10 7 12 26 10 4 31 19 5 25 19 7 24 15 11 0 29 30 1 
16 15 16 15 25 29 16 16 16 19 14 18 14 6 0 28 3 16 23 18 15 21 27 20 10 32 24 22 25 11 5 3 1 
20 20 20 20 20 32 20 20 23 20 14 14 14 23 10 15 14 17 17 0 24 31 20 26 24 20 24 22 22 22 18 1 16 6 
26 26 7 17 26 26 26 34 26 19 26 26 26 26 26 12 18 3 7 26 26 26 26 26 17 0 26 26 26 18 16 10 8 25 4 
3 25 10 3 2 2 3 7 21 9 2 3 6 26 8 19 31 8 29 22 26 8 36 25 22 0 13 31 13 17 14 30 23 11 5 16 
9 4 4 0 14 1 13 6 28 14 4 4 4 6 13 31 35 1 36 32 22 27 18 17 5 28 26 35 15 12 25 16 37 11 33 8 13 
25 8 25 8 8 29 12 0 8 8 25 37 7 25 25 27 25 25 25 37 12 30 27 30 8 34 12 13 26 16 35 28 22 3 6 11 25 1 
21 21 21 21 21 21 38 21 21 21 21 21 21 21 33 21 2 21 2 32 0 21 21 21 21 21 15 21 19 21 21 29 7 17 17 20 20 17 27 
18 5 14 9 17 12 25 37 5 18 22 31 5 34 32 19 21 38 22 29 10 37 30 39 12 39 35 26 19 29 36 30 20 13 15 14 25 0 4 1 
22 34 12 32 34 18 12 11 34 34 24 0 34 34 16 29 19 41 33 34 34 8 34 6 34 16 31 15 27 31 25 1 5 12 6 33 28 17 4 2 26 
29 29 39 27 21 29 25 33 29 21 29 39 29 27 29 32 29 29 29 29 29 29 29 16 3 14 7 29 0 4 29 8 10 29 21 25 30 26 21 24 12 5 
13 43 13 13 13 40 13 13 13 13 13 13 0 17 13 13 40 43 13 13 13 13 13 35 13 13 4 42 42 27 42 41 18 33 4 30 24 14 6 42 2 13 17 
11 4 36 34 11 36 18 39 27 9 16 21 9 19 14 30 18 1 10 36 20 35 16 18 28 29 21 29 24 41 25 34 4 42 14 0 8 37 2 17 35 25 7 5 
0 40 37 22 43 14 16 43 43 43 14 23 43 35 12 31 22 7 43 22 18 39 43 2 14 44 39 24 38 33 22 1 6 36 18 28 32 17 12 11 30 27 37 4 19 
34 34 34 34 34 14 34 15 6 29 26 15 34 29 34 34 15 34 14 34 11 29 34 34 34 9 34 6 15 34 40 42 38 0 36 40 28 43 19 22 17 21 10 12 8 1 
31 25 45 31 31 45 45 31 45 45 45 39 45 2 35 45 45 45 45 31 31 31 21 31 39 31 31 31 31 39 45 34 35 14 34 8 21 8 31 36 23 15 12 5 0 4 1 
2 0 11 41 20 21 6 41 41 39 5 6 19 19 36 19 45 17 30 36 18 5 48 45 18 38 43 35 40 40 16 21 42 26 41 47 12 7 11 28 2 32 29 10 48 3 31 39 
29 23 29 27 47 47 43 23 23 36 36 36 30 44 38 48 45 49 13 45 35 37 0 27 21 24 29 20 44 32 17 24 6 19 32 23 35 19 5 4 34 3 26 36 48 1 41 38 7 
32 32 29 32 30 32 32 32 32 36 32 32 32 32 32 29 29 32 32 32 10 32 32 29 50 49 36 32 47 28 17 0 41 40 28 17 45 44 38 35 27 37 31 21 5 22 32 4 16 3 
14 14 50 14 14 14 50 50 51 14 14 14 29 0 14 50 14 14 45 14 14 14 14 50 14 14 14 14 50 14 50 50 50 50 45 42 19 36 24 43 39 19 16 13 50 9 8 7 3 14 36 
12 1 49 51 21 51 10 10 17 51 41 3 10 10 3 45 43 42 1 38 11 12 39 32 12 19 41 27 43 5 45 21 37 39 28 19 23 48 36 24 31 48 34 20 17 18 16 5 7 9 0 2 
47 9 16 44 44 29 44 43 40 50 3 9 9 21 40 25 40 9 9 9 48 9 1 53 26 1 48 9 43 21 51 6 46 38 51 35 32 41 28 44 24 22 16 0 6 10 2 45 13 14 8 12 11 
24 24 53 8 24 24 8 24 46 24 44 24 24 39 24 8 35 22 27 43 24 32 19 0 26 33 7 24 24 24 24 8 46 24 4 24 24 17 25 16 5 24 9 20 8 22 41 40 38 23 14 11 18 3 
40 7 31 40 38 31 38 40 40 40 40 32 40 40 46 40 40 25 40 38 38 38 38 48 12 38 38 38 38 38 7 3 38 38 20 38 38 40 38 0 38 38 38 24 38 5 7 35 31 32 44 18 15 6 2 
2 52 27 35 49 49 33 11 38 53 49 2 10 26 2 27 20 55 21 43 20 45 3 10 0 39 18 3 44 48 26 41 14 7 25 7 38 13 30 9 48 40 3 34 21 32 29 37 54 28 23 11 45 35 2 1 
14 14 14 46 57 47 9 14 26 50 14 14 36 0 5 30 27 46 51 23 51 16 21 16 57 15 14 6 4 23 5 44 52 54 5 29 9 43 32 50 49 39 13 7 52 48 54 27 10 28 46 15 38 45 35 31 16 
15 46 46 46 46 46 46 46 13 46 46 15 15 25 46 15 36 43 57 47 45 13 25 48 15 56 25 50 45 25 41 9 45 1 30 25 55 40 37 54 53 29 36 27 47 0 57 34 23 35 16 7 30 48 32 33 43 3 
39 30 39 39 39 54 39 33 39 39 39 39 39 39 39 39 39 39 39 24 27 39 20 27 39 2 39 39 39 52 39 39 6 39 39 54 39 39 0 39 27 21 26 54 33 58 56 51 43 37 23 36 22 21 18 8 14 7 4 
0 61 57 34 78 6 73 65 50 88 75 63 48 37 45 5 76 41 52 54 39 25 30 66 18 22 94 36 8 7 3