2
10 33 

2
20 21 

0


5
9 24 43 53 98 

0


0


1
42 

4
9 10 34 53 

4
1 53 58 79 

6
0 5 7 19 49 61 

4
7 29 61 80 

3
6 29 59 

5
6 13 18 70 95 

0


5
0 9 49 51 71 

0


5
0 6 7 93 95 

2
1 23 

4
2 13 17 19 

4
4 20 21 25 

5
2 9 20 57 84 

4
2 6 8 30 

5
0 3 29 53 68 

4
3 48 52 59 

3
3 17 52 

4
0 4 7 35 

5
5 29 40 48 54 

4
0 5 6 41 

5
4 30 36 82 97 

3
46 59 94 

5
4 50 51 53 59 

5
3 5 41 50 92 

3
7 58 59 

4
6 10 30 58 

3
8 60 63 

4
6 24 74 94 

4
6 13 73 90 

3
0 6 72 

2
7 36 

5
1 3 70 74 78 

4
7 12 19 54 

3
7 60 63 

3
7 10 68 

5
7 21 64 69 83 

4
7 85 90 93 

3
8 15 56 

5
8 13 16 25 29 

4
8 64 71 72 

4
4 58 70 87 

3
49 75 90 

3
9 10 60 

5
9 10 37 43 85 

5
0 8 9 14 54 

6
3 9 14 20 57 86 

4
9 27 37 87 

3
9 31 52 

4
1 2 5 94 

5
6 10 17 86 96 

2
1 80 

5
0 41 57 67 81 

4
6 42 48 60 

4
2 60 64 65 

5
0 17 31 67 94 

6
1 8 34 36 43 57 

4
0 13 27 28 

3
2 39 85 

5
3 5 9 24 86 

3
0 14 39 

4
2 4 18 35 

6
2 40 51 54 67 96 

5
3 5 30 32 97 

4
5 13 34 40 

5
0 2 51 54 68 

4
3 7 54 81 

6
1 6 20 27 37 84 

5
5 14 37 64 87 

4
9 40 65 87 

3
3 50 67 

3
7 25 51 

7
0 4 9 10 14 64 72 

6
7 16 46 75 78 80 

5
1 57 82 89 90 

3
9 26 34 

5
4 12 51 67 95 

4
0 1 8 23 

6
4 10 20 30 53 64 

5
2 5 7 16 98 

5
6 25 71 83 90 

3
28 34 62 

4
6 30 58 89 

4
4 8 20 65 

5
7 42 51 61 93 

4
5 9 27 81 

5
5 23 37 49 67 

4
0 9 21 58 

6
2 8 36 50 61 74 

3
7 51 58 

6
1 8 14 26 30 69 

6
7 9 14 34 46 86 

0


0


4
0 1 34 38 

5
8 17 41 42 54 

6
4 8 17 29 32 65 

7
0 1 2 3 4 58 96 

6
2 7 39 45 90 95 

5
6 54 58 78 91 

3
1 74 80 

4
1 5 40 89 

5
2 9 51 80 84 

0


13
0 1 2 4 6 9 10 16 19 24 40 49 61 

0


18
0 1 2 3 5 6 7 8 9 21 47 62 70 80 84 90 92 94 

7
0 3 5 33 35 50 53 

0


17
0 2 3 4 5 6 7 37 43 50 67 72 75 78 79 90 97 

0


13
0 2 3 4 6 7 8 16 26 46 60 76 86 

0


17
0 2 3 5 6 7 9 10 30 32 40 42 50 52 62 70 71 

18
0 1 2 3 6 7 9 10 21 37 38 41 43 61 63 74 83 92 

18
1 3 4 5 6 8 12 13 15 19 26 36 56 61 63 68 69 96 

21
0 1 2 3 4 5 6 7 8 9 16 21 31 48 53 79 80 84 91 95 99 

16
0 2 3 6 7 8 9 16 21 29 38 51 80 83 89 92 

12
0 1 3 5 6 7 8 16 17 63 70 87 

18
0 1 3 4 5 7 17 20 30 31 34 45 50 51 54 70 71 74 

23
0 1 2 3 4 5 6 7 8 9 17 24 38 42 49 67 73 79 80 81 82 91 96 

22
1 2 3 4 5 6 8 9 21 27 32 38 44 45 51 54 64 74 81 83 91 93 

20
0 1 3 5 6 7 8 9 19 23 25 40 63 69 76 84 92 96 97 98 

11
0 2 3 4 8 9 20 34 42 89 93 

9
1 2 7 9 17 19 21 79 92 

19
0 2 3 4 7 9 31 34 35 36 39 40 42 45 47 49 53 63 93 

10
2 3 6 7 23 26 37 62 67 72 

14
3 4 5 6 8 9 10 29 32 46 69 82 93 95 

16
0 2 4 7 8 9 24 44 48 57 72 74 78 82 87 89 

15
0 2 3 4 5 9 24 28 30 35 43 49 52 82 92 

16
0 1 3 4 5 6 8 10 13 31 46 63 64 65 68 83 

9
2 3 4 8 32 34 43 63 83 

14
0 2 3 4 6 7 36 43 46 60 62 64 67 73 

15
0 3 4 5 6 7 8 36 47 57 58 65 78 80 87 

21
1 2 3 4 5 6 7 8 9 16 23 25 37 47 62 63 68 69 71 86 96 

18
2 3 4 5 7 8 9 35 38 48 73 78 79 82 83 85 94 97 

18
0 1 2 3 4 6 7 8 9 17 27 29 39 42 46 70 78 94 

19
1 2 3 4 5 6 7 8 18 30 32 35 65 71 80 85 90 95 97 

15
0 2 3 4 7 26 37 42 60 62 63 64 70 72 74 

17
1 3 4 6 7 9 14 16 17 34 36 37 39 61 76 94 96 

19
1 2 4 6 7 8 9 27 46 59 62 68 79 82 84 86 87 89 98 

19
0 1 2 4 6 7 9 10 20 21 27 28 30 36 49 50 63 75 82 

11
1 2 5 7 8 18 28 51 72 85 87 

13
1 3 5 7 8 18 35 37 51 57 73 85 87 

18
2 4 5 7 8 12 25 26 27 28 46 48 54 67 72 78 81 87 

19
1 2 3 4 6 7 8 12 26 27 31 34 48 56 61 65 75 85 90 

20
0 1 2 3 5 7 8 9 24 25 26 37 47 62 74 76 78 79 86 97 

13
2 5 9 12 19 25 26 29 52 59 91 92 96 

18
0 2 3 4 5 6 7 8 13 16 20 42 45 54 61 73 83 85 

23
0 1 2 3 4 5 6 8 9 14 19 20 24 38 43 46 50 54 61 73 80 83 92 

15
0 1 2 3 6 13 20 27 32 47 61 62 72 74 76 

22
1 2 3 4 6 7 9 10 14 15 17 24 25 34 36 37 41 51 62 73 90 97 

21
1 2 4 5 6 7 8 9 14 24 25 26 29 47 58 62 65 67 85 86 87 

16
2 4 5 6 7 8 26 36 46 62 64 65 67 68 76 86 

15
0 1 3 4 6 8 9 10 31 38 40 63 70 86 89 

15
0 3 6 8 14 20 21 30 31 36 37 40 63 73 83 

16
0 1 2 4 5 6 8 10 14 15 25 41 58 64 80 84 

12
0 1 4 6 7 8 9 10 41 69 78 94 

6
0 6 9 69 90 96 

7
2 5 7 25 27 57 72 

22
0 1 2 3 4 5 6 7 8 9 16 17 31 40 45 53 64 67 74 82 85 93 

18
0 1 2 3 5 7 9 10 15 17 23 25 39 51 70 75 90 93 

18
0 1 4 5 6 7 8 9 15 16 26 41 47 60 76 79 81 94 

19
0 2 3 4 5 7 8 9 23 34 37 48 52 57 83 85 90 94 98 

12
0 1 4 7 9 17 41 74 87 90 95 98 

20
0 1 2 3 4 5 7 8 18 35 45 50 52 57 58 65 75 80 87 95 

12
0 1 3 4 5 8 10 35 38 45 53 81 

19
0 1 2 3 5 8 9 12 21 25 29 30 31 35 39 53 81 85 95 

21
1 2 3 5 6 7 8 9 17 21 25 26 28 29 32 47 52 71 74 84 92 

13
2 3 6 8 9 28 36 38 39 63 86 89 92 

16
1 3 5 6 7 8 9 13 15 19 45 51 89 94 96 97 

23
0 1 2 3 5 6 7 8 9 10 12 15 16 19 21 34 47 53 61 70 78 90 96 

16
0 2 3 4 5 6 7 9 24 34 57 65 70 73 76 98 

19
0 1 2 3 5 7 8 9 15 21 29 30 48 54 57 72 89 94 97 

17
0 1 2 3 4 5 8 9 13 20 38 45 51 81 83 84 95 

21
0 1 2 4 5 6 7 8 9 28 34 37 39 43 57 67 72 84 90 91 95 

10
0 4 6 9 40 49 60 69 94 96 

18
2 3 4 5 6 7 8 9 19 40 50 60 63 65 76 82 84 97 

19
1 2 3 4 6 7 8 9 14 27 38 39 41 45 48 79 83 91 98 

12
1 2 4 8 9 14 19 21 29 42 81 98 

18
0 1 2 4 5 6 7 8 9 20 24 41 52 69 80 86 89 98 

11
0 1 2 5 6 12 20 26 50 56 65 

0


0


0


0


14
0 1 3 8 10 12 13 14 15 21 28 38 58 81 

13
1 2 4 6 7 12 24 26 27 61 64 67 72 

10
0 1 2 5 6 12 15 26 50 61 

10
1 2 6 8 12 28 51 61 68 86 

20
0 1 3 4 5 6 7 8 14 16 18 31 38 40 58 67 71 74 76 83 

11
1 4 7 8 14 47 48 71 74 81 84 

18
0 1 3 5 6 9 14 15 19 31 46 51 53 69 71 94 96 97 

18
0 1 3 4 5 6 7 8 9 16 29 38 43 50 60 73 89 91 

17
1 4 5 7 8 9 28 47 58 72 74 75 85 87 91 97 98 

20
0 1 3 4 5 6 7 9 37 50 53 54 56 59 65 71 73 76 79 97 

13
2 6 7 8 10 13 14 15 37 41 69 78 91 

13
2 3 4 5 23 32 34 37 38 45 57 58 72 

12
0 2 4 5 8 24 40 45 48 54 82 85 

21
0 1 2 3 4 6 8 9 20 24 25 32 37 43 52 53 57 71 76 78 93 

19
0 1 2 3 4 5 6 7 8 15 16 26 36 48 57 60 61 71 74 

14
1 2 3 5 8 22 23 25 27 29 32 52 72 82 

17
2 3 4 6 7 8 27 29 32 42 43 48 49 72 74 82 96 

17
0 1 2 3 4 5 6 8 18 28 38 41 50 68 81 82 84 

19
0 1 2 3 4 5 6 7 8 9 14 28 33 45 56 70 85 93 97 

14
0 2 3 4 8 28 32 48 72 80 82 83 84 87 

15
0 1 2 3 8 9 12 18 29 30 82 89 91 93 98 

10
0 3 5 9 30 39 43 53 93 94 

11
0 1 3 4 8 9 10 13 31 43 93 

19
0 1 2 3 4 5 6 7 8 9 31 40 53 54 69 71 82 94 96 

14
0 2 3 4 7 8 9 28 32 43 82 87 89 94 

17
1 2 3 4 6 7 8 9 35 49 50 69 70 78 87 90 98 

17
2 5 7 9 27 29 37 49 52 54 57 59 73 75 77 79 97 

12
0 3 4 6 9 39 46 60 63 90 93 94 

20
0 1 3 4 6 7 8 9 23 30 36 39 40 43 53 61 62 65 83 86 

18
0 2 4 6 7 8 24 40 41 42 44 48 54 64 75 84 85 94 

16
1 2 5 7 8 11 12 14 21 24 41 58 78 81 87 88 

15
0 1 3 4 6 7 10 17 30 34 36 41 63 74 76 

22
1 3 4 5 6 7 8 9 19 40 41 48 51 53 60 64 72 76 78 85 90 97 

20
0 1 2 3 4 5 7 10 14 17 18 20 26 34 36 45 50 56 58 63 

11
3 4 6 9 39 46 64 67 73 74 93 

15
0 4 5 6 7 8 9 40 45 46 47 64 74 89 94 

16
2 4 5 6 9 24 29 44 45 46 64 67 69 74 79 94 

11
1 4 6 7 14 16 44 47 64 71 76 

11
0 4 6 8 9 40 45 46 47 49 94 

16
0 1 2 4 5 6 7 14 28 34 38 40 41 47 62 85 

13
2 4 6 7 8 9 17 49 68 78 86 91 92 

20
0 1 2 3 4 9 10 14 15 21 25 49 59 60 64 91 93 94 96 99 

21
1 2 3 4 5 6 7 8 9 13 15 18 35 37 51 58 69 74 82 84 93 

23
1 2 4 5 6 7 8 9 15 16 26 29 30 48 52 58 59 61 65 68 76 81 97 

22
0 1 2 3 4 5 7 8 9 15 25 30 39 43 52 56 58 63 65 71 85 95 

18
1 2 3 4 5 6 8 9 19 23 32 34 35 43 53 63 70 84 

13
0 3 5 8 9 19 39 40 51 53 58 94 95 

16
2 3 4 5 7 8 9 25 42 49 57 74 75 84 93 94 

19
0 1 2 5 7 8 9 10 15 17 20 25 27 58 79 80 81 90 95 

17
0 1 2 3 4 5 6 8 9 13 25 38 41 45 81 82 84 

18
0 1 2 4 6 9 10 16 27 29 34 36 46 61 63 64 70 81 

6
1 4 6 16 46 61 

19
0 1 2 3 4 6 7 8 21 23 24 25 29 32 46 56 62 76 82 

22
1 2 4 5 6 7 8 9 10 18 30 38 39 43 50 58 59 64 70 85 92 94 

17
0 1 2 3 5 6 7 13 23 31 35 36 38 53 62 65 80 

16
0 1 2 3 5 6 9 13 20 21 22 26 29 39 82 92 

21
4 5 6 7 10 18 30 34 38 47 57 67 70 74 75 77 78 79 80 87 89 

12
0 2 3 5 7 9 32 45 47 54 70 90 

20
0 3 4 6 7 9 27 37 52 56 70 71 72 73 74 75 76 78 79 92 

13
1 4 7 9 14 41 46 47 49 64 71 79 94 

21
0 1 2 3 4 5 7 9 10 18 20 25 29 31 43 60 62 72 86 90 98 

21
0 1 2 3 4 5 6 7 8 9 13 24 34 35 41 45 47 48 53 64 76 

11
0 1 3 4 7 8 14 47 71 78 80 

15
0 1 4 5 7 8 9 57 59 70 71 75 78 87 97 

12
2 4 7 8 9 28 42 79 82 87 94 97 

11
0 1 2 8 10 20 60 68 70 78 80 

17
0 1 2 3 4 6 8 14 16 18 30 41 53 57 62 70 81 

18
0 1 2 3 5 6 8 9 12 20 21 25 28 32 52 82 90 93 

15
0 1 2 3 5 8 15 18 28 53 80 82 89 95 98 

15
2 3 4 5 7 27 34 45 52 53 54 58 72 78 82 

10
2 5 8 9 25 29 52 58 82 92 

15
1 2 3 6 8 18 31 36 38 61 62 81 82 83 86 

17
1 2 3 6 9 23 26 29 69 81 83 86 89 91 93 96 99 

16
0 2 4 5 6 7 8 24 28 45 50 54 57 58 64 72 

19
0 1 3 4 7 8 9 10 17 18 37 38 40 47 48 49 71 84 90 

16
3 4 5 7 8 9 35 38 47 53 74 78 84 85 94 95 

12
3 4 5 8 9 39 48 54 83 85 95 98 

19
0 1 3 4 5 6 7 8 11 13 16 21 57 61 62 63 74 75 85 

15
0 1 2 4 6 8 9 18 48 68 80 81 82 86 89 

19
0 2 3 5 7 8 9 21 23 29 57 71 72 73 75 78 79 87 97 

15
0 5 6 7 9 17 50 51 61 68 70 71 75 87 96 

11
2 5 6 8 9 26 52 65 68 89 98 

11
0 1 2 3 8 9 20 32 81 89 98 

10
0 1 3 4 6 9 34 40 69 90 

20
0 1 2 4 5 6 7 8 9 10 68 78 80 83 84 85 86 87 89 91 

17
0 1 3 5 6 9 10 12 15 17 19 34 37 39 43 56 91 

16
2 4 5 8 9 28 34 45 52 53 54 57 72 74 87 92 

15
0 3 5 6 7 8 9 17 31 32 67 70 72 76 93 

14
0 2 4 5 6 9 24 45 50 56 59 62 94 96 

16
0 1 4 5 7 8 9 10 18 50 54 57 59 71 87 95 

16
0 1 2 3 4 5 6 9 46 60 61 63 65 68 86 96 

10
6 7 8 9 68 76 78 79 87 97 

20
0 2 3 5 7 8 9 13 23 28 31 37 39 50 53 70 80 83 90 93 

17
0 1 3 5 7 8 9 17 35 53 59 71 79 85 90 95 98 

0


15
1 2 3 4 5 8 9 14 26 28 31 46 56 89 93 

16
0 1 2 3 5 6 8 9 10 12 16 23 31 59 61 98 

10
1 2 5 6 8 16 25 62 68 81 

20
0 2 3 4 6 7 8 9 27 31 40 46 68 78 80 83 84 86 89 97 

14
0 3 4 5 6 7 9 30 35 40 54 60 73 76 

20
0 1 2 3 4 5 6 17 20 21 22 24 28 35 42 47 62 72 82 84 

13
1 3 4 6 7 10 13 14 17 46 47 61 71 

16
1 2 3 4 7 8 9 34 40 42 46 48 49 54 64 95 

18
0 1 3 4 5 6 7 9 38 43 45 59 60 71 83 84 94 97 

12
0 2 4 5 6 7 20 25 40 52 64 74 

15
2 4 5 6 7 9 13 26 36 54 61 67 72 75 95 

15
0 2 3 4 5 8 9 29 34 43 48 53 58 80 93 

15
0 2 3 5 6 8 9 20 23 25 32 58 80 89 93 

9
0 1 6 8 19 60 81 91 98 

14
1 2 3 6 7 8 12 13 16 18 21 62 67 81 

20
0 1 2 3 5 6 7 9 18 20 34 37 43 54 67 71 79 83 95 96 

15
2 4 5 7 8 27 35 36 37 45 46 53 68 72 84 

11
0 1 6 7 8 26 40 50 70 80 90 

11
3 6 7 9 39 69 73 76 93 96 97 

20
0 1 2 3 4 5 6 7 10 12 15 17 21 23 31 40 50 52 57 74 

17
0 1 2 3 5 6 7 8 10 28 53 56 58 61 75 81 87 

10
0 1 5 6 7 10 51 57 65 76 

17
0 2 3 4 5 6 8 20 30 45 46 61 64 65 66 70 86 

22
0 1 3 4 5 6 7 8 9 17 21 24 39 40 41 43 59 61 73 75 87 94 

7
1 2 9 19 21 29 92 

17
1 4 5 6 7 8 9 15 16 18 19 41 67 74 76 84 96 

20
1 3 4 5 6 7 8 9 18 46 48 49 53 56 58 65 73 76 78 97 

16
0 2 4 6 7 8 9 14 40 61 78 82 89 96 97 98 

20
0 3 4 7 8 9 34 39 40 49 61 70 73 78 80 83 87 90 93 98 

0


0


0


0


0


17
0 1 2 3 4 6 7 10 24 31 34 37 43 61 64 71 74 

28
0 1 3 4 5 6 7 8 9 10 14 38 47 51 53 54 56 69 71 73 74 75 76 85 86 91 95 96 

24
0 1 2 5 6 7 9 10 12 15 16 26 50 59 61 67 70 72 76 79 90 92 96 97 

28
0 1 5 6 7 8 9 15 18 19 56 60 61 65 67 68 69 75 79 81 86 87 89 90 91 95 97 98 

26
0 1 2 3 4 5 7 9 10 12 17 19 21 25 32 37 39 42 45 50 53 54 71 75 79 91 

22
1 2 3 4 5 8 12 13 18 25 28 31 38 42 43 45 48 51 82 83 84 85 

29
0 1 2 3 4 5 6 7 8 9 18 23 31 32 34 37 45 50 51 55 57 69 72 74 75 76 81 84 97 

36
0 1 2 3 4 5 6 7 8 9 16 22 23 29 38 39 42 46 48 51 52 58 60 61 66 68 69 71 74 75 76 78 82 87 96 98 

11
0 1 2 3 6 16 26 31 36 60 63 

16
0 1 2 5 6 8 10 15 16 26 51 68 80 82 85 86 

28
0 1 2 3 4 5 6 7 8 9 14 23 24 26 27 30 42 49 56 57 78 81 82 86 92 94 95 97 

30
0 1 2 3 4 5 6 7 8 9 13 17 19 27 29 30 42 46 48 49 52 56 57 59 63 67 68 74 80 95 

31
0 1 2 3 4 5 6 7 8 9 13 23 28 29 31 32 33 34 35 36 37 38 43 46 48 53 58 63 78 83 90 

27
0 1 2 3 4 5 6 7 8 9 14 29 31 37 39 43 49 57 59 62 63 65 70 82 86 90 98 

26
1 2 3 4 8 9 12 13 14 19 22 23 28 31 32 34 38 39 48 81 83 84 88 91 92 93 

15
0 3 5 6 8 35 38 50 53 55 56 58 65 68 85 

18
1 3 6 7 8 9 13 16 37 67 71 73 76 78 83 86 93 96 

18
0 2 3 4 5 6 9 25 30 34 40 46 49 59 69 92 93 94 

18
0 1 2 4 5 6 15 20 21 24 26 42 50 51 54 56 61 64 

23
0 1 4 5 6 7 8 9 10 14 16 40 41 45 50 54 64 70 74 76 87 90 96 

29
0 1 2 3 4 5 6 7 8 9 18 20 32 39 41 45 46 56 61 63 64 69 75 84 86 87 89 91 92 

29
0 1 2 3 4 5 6 7 9 17 19 24 29 34 36 37 39 47 49 50 65 69 79 91 92 93 94 96 99 

24
0 1 2 3 5 6 7 9 10 12 17 19 26 30 36 37 39 53 60 61 66 69 76 96 

26
1 2 5 6 7 8 9 12 15 18 21 22 25 27 43 51 52 57 65 69 72 76 85 91 92 97 

33
0 1 2 3 4 5 6 7 8 9 10 23 24 25 28 32 33 34 35 43 48 58 59 65 68 73 75 78 83 84 91 93 96 

23
4 5 6 7 8 9 45 47 54 55 57 58 59 65 67 74 75 76 85 87 94 95 97 

13
0 2 5 6 7 20 25 26 27 52 62 75 76 

14
4 5 6 7 45 46 56 64 65 66 67 74 75 76 

15
0 1 2 3 7 8 18 21 23 30 71 81 82 83 87 

16
2 4 6 7 9 26 27 46 64 67 69 72 74 79 92 96 

19
2 3 4 5 7 9 23 35 43 47 52 53 54 57 79 92 93 94 97 

29
0 1 2 3 4 5 6 7 8 9 19 23 35 36 38 41 46 47 48 49 54 64 72 79 85 86 89 90 94 

23
0 1 2 4 6 7 8 9 14 17 20 46 61 62 64 67 69 72 74 76 79 96 98 

11
0 2 3 6 8 26 32 38 63 68 80 

12
0 5 7 8 9 57 58 59 75 80 97 98 

18
3 4 5 6 8 9 38 39 43 45 48 49 63 65 68 69 84 96 

28
1 2 3 4 5 6 7 8 12 13 16 23 31 35 38 41 43 48 51 52 53 56 57 58 64 73 83 86 

27
0 1 3 4 5 6 7 8 9 13 15 30 36 46 53 57 63 64 65 67 68 69 76 84 87 89 91 

9
0 2 8 9 29 82 89 90 98 

20
0 1 3 4 6 7 8 9 16 36 39 46 67 68 69 73 80 90 91 94 

26
2 3 5 6 7 8 9 26 35 55 57 58 59 65 69 77 78 79 82 83 85 87 89 92 95 97 

20
0 1 2 3 4 8 9 12 19 28 39 40 41 42 49 80 81 82 89 94 

21
2 4 5 6 7 8 9 25 29 42 45 47 54 65 75 79 82 85 87 89 98 

0


34
0 1 2 3 5 6 8 9 10 13 15 19 20 23 25 26 28 29 30 32 33 35 38 50 51 53 55 56 58 59 63 69 83 93 

18
0 1 2 5 6 7 9 10 25 26 29 52 67 75 79 91 95 96 

29
1 2 3 4 5 6 7 8 13 15 18 25 32 35 36 37 41 42 43 45 46 48 51 54 56 58 63 71 84 

25
1 2 3 4 7 8 13 21 23 24 27 28 32 33 34 37 38 43 47 71 73 74 78 82 84 

28
0 1 3 4 6 7 8 9 14 36 41 43 46 47 48 49 63 64 67 68 69 76 80 91 93 96 97 98 

32
1 2 3 4 5 6 7 9 14 15 17 21 24 29 36 37 41 45 49 51 53 56 59 63 65 67 69 71 72 73 76 94 

28
0 1 2 3 5 6 7 8 9 17 23 30 31 32 36 38 39 51 52 63 70 71 72 75 76 78 89 93 

19
1 2 4 6 7 9 12 14 16 19 21 42 46 67 72 74 76 92 96 

20
2 3 4 7 9 20 23 24 27 29 32 34 42 70 72 73 74 79 92 94 

19
0 2 4 5 6 8 9 28 29 48 49 52 54 62 64 69 80 95 96 

12
0 1 2 8 9 12 18 19 28 29 80 91 

33
0 1 2 3 4 5 6 8 9 10 12 15 24 30 35 36 38 41 42 43 44 45 48 54 56 58 64 83 89 90 92 95 98 

23
0 1 2 4 5 6 8 9 19 20 21 22 25 26 28 46 52 60 62 80 82 90 95 

20
2 4 5 6 7 8 24 28 48 54 64 68 72 74 75 76 82 85 87 88 

28
0 1 2 3 4 5 8 9 19 25 28 29 31 35 38 41 42 43 48 52 53 54 58 80 85 90 92 98 

22
1 2 3 4 5 6 9 14 23 25 29 31 35 36 42 43 51 52 53 64 92 93 

22
2 3 5 6 7 8 25 27 35 37 58 60 62 63 65 67 76 80 82 83 85 87 

29
0 1 2 3 5 6 7 8 9 13 19 28 37 50 53 56 59 62 63 69 70 71 72 73 76 79 83 86 95 

29
0 3 4 5 6 7 8 9 14 17 31 33 34 38 39 40 43 56 60 61 63 65 67 69 76 86 94 95 97 

22
0 1 2 4 5 6 8 14 15 28 41 42 46 48 50 54 56 65 81 82 84 88 

14
3 4 5 8 9 34 38 48 58 83 89 94 95 98 

17
2 3 4 5 7 9 25 29 39 45 49 52 53 74 79 95 97 

23
0 1 4 5 6 7 8 9 18 45 46 50 61 65 66 67 69 71 74 78 86 95 98 

23
0 1 3 4 5 6 7 8 18 31 40 41 43 45 47 51 64 78 80 81 83 85 87 

14
0 1 2 5 6 8 15 16 21 25 28 52 60 85 

24
0 1 3 4 5 7 8 9 19 35 37 40 44 45 48 54 58 70 75 81 85 87 93 97 

14
3 4 5 6 7 36 43 45 57 63 64 65 74 75 

11
3 4 5 8 35 38 45 48 58 83 84 

20
0 2 3 5 6 8 9 23 25 38 59 65 80 82 83 85 86 92 95 96 

12
3 4 5 6 35 36 46 54 56 63 64 65 

26
1 2 3 4 5 6 7 9 14 17 24 32 37 43 46 47 52 56 57 59 65 72 74 76 79 91 

23
1 2 4 5 7 8 18 25 41 42 51 52 54 56 57 62 71 72 81 82 84 86 87 

20
1 2 4 7 8 9 12 17 18 19 24 42 47 48 49 72 79 82 89 91 

22
0 1 2 3 4 5 6 7 9 14 25 27 39 42 59 60 71 72 73 92 96 97 

29
1 3 4 5 6 7 8 9 16 34 46 47 49 58 63 66 67 68 69 71 73 76 81 86 87 89 91 95 96 

30
0 1 2 3 4 5 6 7 8 9 14 18 19 24 26 28 30 41 44 47 49 57 65 73 78 79 82 94 97 99 

15
0 1 5 7 8 9 15 17 18 50 75 78 81 95 98 

23
0 1 4 5 6 7 8 14 16 17 18 47 48 50 61 74 76 78 80 84 86 87 88 

19
1 2 5 6 7 8 12 15 17 21 52 57 62 67 78 82 85 86 87 

14
1 2 7 8 9 17 21 27 28 72 79 87 97 98 

17
0 2 3 6 7 8 9 28 29 68 69 72 73 76 78 80 97 

31
0 1 2 3 4 5 6 7 8 9 16 17 18 19 21 23 26 35 40 50 51 57 61 73 75 76 83 85 96 97 98 

23
1 2 4 5 6 8 9 12 18 19 24 28 29 48 49 52 61 82 84 86 94 98 99 

20
2 3 5 6 7 8 26 28 52 53 56 57 58 62 63 65 66 76 78 86 

17
0 1 5 7 8 15 17 50 55 57 58 71 75 77 78 85 87 

14
1 3 4 5 9 14 31 35 39 45 49 53 91 95 

37
0 1 2 3 4 5 7 8 9 12 20 23 27 31 32 35 37 40 41 43 48 49 54 70 71 72 77 78 80 81 83 84 85 87 91 92 95 

35
1 2 3 4 5 6 7 8 9 14 17 21 34 41 45 46 48 49 56 61 66 67 69 72 73 75 76 78 79 81 83 85 86 93 95 

17
0 4 5 6 7 8 9 45 46 47 48 49 64 70 86 96 97 

18
0 5 6 7 8 9 57 58 60 65 67 68 79 86 90 95 97 98 

14
0 1 3 4 5 7 8 15 37 45 50 78 84 85 

16
0 1 2 6 7 9 16 26 60 61 62 67 69 71 91 92 

15
2 3 4 8 9 29 39 42 43 49 82 83 89 94 98 

29
0 1 2 3 4 5 6 7 8 9 14 16 23 24 26 29 39 47 49 58 59 60 73 84 89 92 95 98 99 

19
1 2 4 5 8 9 14 19 21 24 25 29 42 54 59 81 84 85 98 

29
0 1 2 4 5 6 7 8 9 14 15 25 26 27 45 47 48 59 67 71 74 76 77 80 89 92 94 96 98 

24
2 3 5 6 7 9 23 35 37 39 52 55 56 57 59 65 67 69 72 75 76 79 93 95 

31
0 1 2 3 4 5 6 8 9 10 19 21 23 26 28 31 32 33 34 35 36 38 41 51 53 56 81 83 86 91 94 

17
0 1 3 7 8 9 17 30 31 38 70 71 78 79 83 91 98 

21
0 2 3 4 6 7 8 20 23 24 26 34 36 42 67 70 74 76 78 84 86 

25
0 3 5 6 7 8 9 35 56 57 58 65 68 69 76 78 83 85 87 89 90 93 95 96 98 

33
1 2 4 5 6 7 8 9 14 16 17 18 19 25 47 48 49 52 54 56 58 59 68 69 79 89 91 92 94 95 96 97 99 

20
0 2 3 5 7 8 9 23 25 28 29 35 52 57 59 73 75 85 90 95 

29
0 1 2 3 4 5 6 7 8 9 18 23 32 37 46 58 60 69 70 75 79 80 83 84 89 91 93 94 95 

14
1 2 6 7 9 12 16 19 29 69 72 79 91 97 

35
0 1 2 3 4 5 6 7 8 9 12 15 17 19 21 26 28 29 32 37 40 59 63 64 68 71 72 79 85 89 91 93 94 97 98 

0


0


22
0 1 2 3 4 5 8 9 15 25 30 31 32 40 41 50 51 52 53 58 85 94 

24
0 1 2 3 4 5 6 9 15 20 25 30 34 35 49 51 52 53 56 60 64 65 90 95 

0


29
0 1 3 4 5 6 7 8 9 10 14 30 31 35 46 47 59 60 65 70 74 75 80 81 84 85 90 91 94 

24
1 2 4 5 6 7 9 11 12 14 15 17 19 21 25 27 41 51 64 65 71 91 94 96 

12
1 2 4 7 11 12 14 21 41 42 47 72 

5
0 2 7 20 72 

20
0 2 3 5 6 8 9 23 30 32 36 38 39 50 52 58 59 60 85 93 

25
0 1 2 4 5 6 7 8 9 10 12 24 25 28 40 42 50 52 60 62 70 72 80 82 90 

23
1 2 3 4 5 6 7 9 19 21 23 25 27 36 41 42 45 54 79 91 92 95 97 

13
2 3 5 8 22 23 25 28 32 35 52 82 85 

13
0 2 5 7 9 25 27 29 52 70 72 90 92 

30
0 1 2 3 4 6 7 8 9 16 26 30 35 37 38 39 43 52 53 54 61 62 63 71 73 74 82 83 84 93 

26
1 2 3 5 6 7 8 9 15 16 25 26 27 31 52 58 69 73 75 76 85 86 87 93 96 97 

34
0 1 2 3 4 6 7 8 9 16 20 23 24 25 27 29 32 48 50 53 59 60 61 63 64 65 67 76 80 81 83 84 89 92 

23
0 1 2 3 4 5 7 8 9 10 20 34 43 45 46 48 54 60 74 85 86 89 94 

25
1 2 3 5 6 7 8 9 12 13 19 25 36 37 52 53 58 59 62 69 72 73 79 82 91 

32
0 1 2 3 4 5 6 7 8 9 14 17 18 20 23 24 36 46 56 60 62 63 64 65 67 68 69 79 86 91 94 97 

33
0 1 2 3 4 5 6 7 8 9 19 29 39 40 41 43 46 59 60 61 62 63 68 79 84 90 91 92 93 95 96 97 98 

31
0 1 2 3 4 5 6 7 8 9 10 14 19 20 24 34 35 41 42 43 47 56 60 64 65 70 75 84 85 89 98 

30
0 1 2 3 4 5 6 8 9 19 25 36 41 42 43 48 50 51 52 53 54 60 61 62 64 68 86 90 92 94 

27
0 1 2 3 4 5 6 7 9 12 20 21 23 26 27 32 34 42 59 62 64 65 74 75 92 94 95 

20
0 2 3 4 5 7 8 20 24 25 27 30 34 37 42 52 70 74 75 80 

21
0 1 2 3 4 5 6 8 14 24 34 40 41 43 45 46 48 54 64 74 84 

14
1 3 4 6 8 13 30 31 34 36 38 43 63 83 

34
0 1 2 3 4 5 6 9 10 11 14 15 17 19 24 29 30 31 34 39 42 43 46 50 51 54 57 60 61 64 69 70 79 91 

21
0 1 3 4 5 6 7 9 10 30 31 46 50 51 54 59 60 64 70 74 79 

11
4 6 7 9 46 47 64 69 74 79 94 

23
1 2 3 4 5 6 7 9 19 29 39 49 51 52 69 79 91 92 93 94 95 96 97 

12
1 4 6 7 9 19 49 67 79 91 94 97 

13
0 1 4 5 7 8 9 10 40 50 70 89 90 

30
0 2 3 4 5 6 7 8 9 15 16 25 26 35 36 37 45 46 47 50 51 52 54 58 59 65 67 73 85 96 

20
1 3 4 6 7 8 9 14 16 34 36 46 61 63 67 68 69 76 86 96 

26
0 1 2 3 4 5 6 7 8 9 17 21 37 38 46 47 48 63 70 72 74 75 79 83 97 98 

23
0 2 3 4 5 6 7 8 10 20 32 34 36 37 38 43 50 63 71 72 76 78 83 

27
0 1 2 3 4 5 6 7 8 9 14 23 31 32 35 36 37 38 39 46 49 52 59 63 73 80 93 

32
0 1 2 3 4 5 6 7 8 9 10 11 13 15 16 19 27 30 31 34 35 41 51 60 61 62 70 71 72 75 91 94 

34
0 1 2 3 4 5 6 7 8 9 10 15 17 18 20 24 27 28 34 35 56 57 58 67 70 71 74 75 78 80 82 86 88 97 

30
0 1 2 3 4 5 6 7 8 9 10 12 16 18 23 30 32 34 36 37 39 43 54 56 57 58 59 73 83 93 

27
0 1 3 4 5 6 7 8 9 14 15 18 34 35 40 41 46 47 53 59 64 68 74 84 85 94 95 

33
0 1 2 3 4 5 6 7 8 9 10 16 27 28 36 37 40 47 48 50 57 58 60 67 68 79 81 82 84 85 90 97 98 

29
1 2 3 4 5 6 7 8 9 12 21 23 25 29 32 38 42 46 48 52 58 62 68 72 78 84 87 92 96 

33
0 1 2 3 4 5 7 8 9 10 15 24 35 40 45 49 50 51 52 53 54 55 57 58 59 70 73 74 75 83 84 85 95 

7
3 6 9 39 63 69 96 

7
3 7 9 39 73 79 97 

21
0 1 5 6 7 8 9 18 57 67 70 71 75 76 79 80 81 85 86 89 98 

0


31
0 1 2 3 4 6 7 8 9 18 28 36 40 41 42 43 47 49 60 62 63 67 74 80 81 82 83 85 87 89 98 

0


14
0 2 6 8 9 20 26 28 69 89 90 92 96 98 

35
0 1 2 3 4 5 6 7 8 9 10 16 20 23 24 26 31 32 40 43 50 53 56 67 68 70 73 76 80 84 86 90 93 94 96 

24
0 1 2 3 4 5 7 8 9 13 28 31 32 48 59 79 81 82 84 85 91 92 94 95 

23
1 2 3 4 5 6 7 9 15 17 21 24 34 49 53 54 56 62 71 74 91 93 96 

28
1 2 3 4 5 6 7 8 9 14 17 21 24 28 29 34 37 38 42 54 57 58 64 68 69 76 85 93 

27
0 1 2 3 4 5 6 7 8 9 18 28 38 48 58 68 78 80 81 82 83 84 85 86 87 89 98 

32
0 1 2 3 4 5 6 7 8 9 18 27 31 32 36 39 42 45 46 54 63 71 72 75 76 79 80 81 82 85 89 98 

30
0 2 3 4 5 6 7 8 9 20 28 34 42 44 45 46 47 49 56 62 63 64 74 76 84 86 92 93 94 96 

30
0 1 2 4 5 6 7 9 19 24 26 40 41 42 45 50 51 52 60 61 62 65 70 71 72 75 90 91 92 95 

24
0 1 2 3 5 6 7 8 9 12 13 18 20 21 26 39 52 53 58 65 68 72 78 87 

35
0 1 2 3 4 5 6 7 8 9 18 28 35 37 40 41 58 60 65 67 70 71 72 75 78 80 81 83 85 87 88 89 90 97 98 

27
0 1 2 3 5 6 7 8 9 13 15 16 23 25 31 39 52 58 67 73 75 76 80 83 85 90 95 

22
0 1 2 3 4 6 7 9 13 14 17 21 23 26 32 42 60 79 93 94 96 97 

18
2 3 4 6 8 18 23 26 28 32 43 46 68 81 83 84 86 88 

34
0 1 2 3 4 5 6 7 8 9 14 28 32 35 40 41 42 43 45 47 48 49 54 60 62 67 68 69 74 82 85 86 88 94 

24
0 2 3 4 5 6 8 9 23 30 32 34 35 36 38 39 43 53 57 63 67 83 87 93 

29
0 1 2 3 4 5 6 7 8 9 14 15 24 25 36 40 49 58 61 63 64 65 72 83 84 87 94 95 97 

21
0 1 2 3 5 6 8 18 26 38 50 51 60 61 62 63 80 81 82 83 85 

25
0 1 2 3 4 5 6 7 8 9 12 20 21 24 25 37 39 42 47 52 59 62 78 82 96 

29
0 1 2 3 4 5 6 7 9 11 13 15 16 26 27 32 39 40 53 54 56 57 61 71 73 80 91 96 97 

20
0 1 3 4 5 6 8 14 16 34 40 41 43 45 48 54 56 64 84 86 

26
0 1 2 3 4 5 6 8 9 10 23 26 29 38 45 53 56 59 62 83 84 86 89 93 94 96 

8
0 4 6 8 46 60 64 68 

24
0 1 2 3 4 5 6 7 8 9 14 16 19 21 23 25 32 52 65 70 81 83 93 95 

13
2 3 5 6 22 23 25 26 32 35 36 52 62 

7
3 5 7 35 37 53 75 

31
0 1 2 3 4 5 6 7 8 9 15 17 28 35 37 39 42 47 49 50 56 62 67 69 72 75 79 85 87 91 94 

32
0 1 2 3 4 5 6 7 8 9 14 29 36 40 41 42 45 47 56 60 61 62 65 67 74 87 90 91 92 93 95 97 

20
0 1 4 5 6 7 8 10 41 45 47 48 56 65 67 68 71 75 78 84 

18
0 1 2 5 8 9 10 15 19 20 25 29 52 58 80 85 89 91 

27
0 1 2 3 6 7 8 9 12 20 21 22 23 27 28 29 32 36 37 38 62 72 82 91 92 96 98 

38
0 1 2 3 4 5 6 7 8 9 19 20 25 26 28 30 31 36 40 41 43 46 56 60 61 63 65 66 67 70 71 73 75 78 86 90 95 98 

20
1 2 4 5 6 7 8 15 24 42 46 48 51 52 56 57 58 65 78 85 

21
1 2 3 6 7 8 9 12 16 18 23 31 32 36 38 67 71 72 89 96 98 

29
1 2 3 4 5 6 7 8 9 12 21 23 24 26 46 52 64 66 67 68 69 76 84 86 87 91 93 95 96 

22
0 1 2 3 4 5 6 7 9 16 26 36 46 61 62 63 64 65 67 69 76 96 

26
0 1 3 4 5 6 7 8 10 11 13 14 15 18 31 37 41 46 51 56 57 61 71 76 81 87 

25
0 2 3 4 5 6 7 8 9 25 26 27 28 30 37 40 45 46 47 59 63 72 90 96 97 

33
0 1 2 3 4 5 6 7 8 9 13 23 30 31 32 34 35 37 38 39 41 48 49 53 60 62 64 65 68 69 76 86 93 

28
1 2 3 4 5 6 7 8 9 12 13 14 15 16 17 18 19 23 26 28 29 31 41 51 61 71 81 91 

28
0 1 2 4 5 6 7 8 9 16 17 20 24 27 42 50 54 56 57 58 59 65 70 74 78 79 81 95 

31
0 1 2 3 4 6 7 8 9 10 17 18 19 20 27 28 29 30 38 39 48 49 60 68 69 70 79 84 86 92 93 

19
0 3 4 5 6 8 9 35 39 49 54 56 65 69 83 85 89 90 98 

26
0 1 2 3 4 5 6 7 8 9 16 27 36 46 56 60 61 62 63 64 65 67 68 69 76 96 

25
1 2 3 4 6 7 8 9 12 19 27 28 39 42 43 49 62 69 72 79 82 89 91 94 96 

29
0 1 2 3 4 5 6 7 8 9 15 24 31 32 39 41 42 43 49 52 59 60 68 71 73 76 81 82 83 

6
1 4 6 14 41 61 

33
0 1 2 3 4 5 6 8 9 13 14 19 20 23 27 39 40 43 46 49 59 69 79 87 90 91 92 93 94 96 97 98 99 

25
0 1 2 3 4 5 6 9 12 15 16 19 20 35 36 39 43 52 54 59 69 91 92 94 95 

27
0 1 2 4 5 6 7 8 9 16 26 48 50 51 52 54 57 59 60 61 64 67 68 69 75 85 95 

13
0 1 6 7 8 10 16 17 68 71 80 86 87 

0


0


36
0 1 2 3 4 5 6 7 8 9 10 13 14 23 35 37 38 49 50 53 59 60 62 63 69 70 73 74 79 83 89 90 91 93 96 99 

18
0 1 2 4 5 7 8 10 28 48 50 71 72 74 81 82 84 87 

37
0 1 2 3 5 6 7 8 9 13 18 19 23 28 29 35 50 51 52 58 59 60 61 62 68 69 70 72 73 79 89 90 91 92 96 97 99 

20
1 2 3 4 5 9 15 19 21 24 25 29 31 34 35 39 45 49 52 93 

27
0 1 2 3 4 5 6 7 8 15 25 35 45 50 51 52 53 54 56 57 58 65 70 72 74 78 85 

37
1 2 3 4 5 6 7 8 9 16 21 23 24 26 27 32 36 42 53 54 56 57 58 63 64 65 68 69 71 73 74 76 81 83 91 93 96 

11
0 2 6 7 8 20 62 68 76 78 87 

29
1 2 4 5 6 7 8 9 12 19 21 22 24 25 26 28 32 42 45 49 52 62 65 72 79 82 85 89 97 

25
1 2 3 4 5 6 8 15 21 24 31 34 46 51 52 53 54 58 61 62 63 64 68 81 84 

29
0 1 2 3 5 6 7 8 9 12 16 17 20 25 28 29 32 36 37 52 57 62 71 73 82 87 92 96 97 

7
2 8 9 28 82 89 92 

33
0 1 2 3 4 5 6 7 8 9 13 17 23 24 25 27 31 36 49 59 62 63 67 70 78 82 83 84 87 92 93 95 97 

30
0 1 2 3 4 5 6 7 8 9 13 16 23 30 34 37 38 39 43 46 52 53 56 61 65 73 76 83 86 93 

19
3 4 6 7 8 9 34 43 46 48 49 67 76 78 79 83 86 93 96 

32
0 1 2 3 4 5 6 7 9 19 21 24 36 49 50 53 54 56 57 60 63 65 66 67 79 90 91 92 93 94 96 97 

6
3 8 38 73 83 87 

38
1 2 3 4 5 6 7 8 9 12 16 21 23 24 25 27 39 41 43 44 47 48 54 61 64 65 67 71 73 74 81 84 87 91 93 94 95 97 

30
0 1 3 4 5 6 7 8 9 15 18 31 37 38 40 51 53 54 61 63 69 71 73 74 79 83 84 86 87 93 

24
0 1 3 4 5 7 8 9 14 19 34 39 41 47 54 58 59 74 78 79 89 90 93 95 

12
0 1 4 6 7 17 41 46 60 71 74 76 

20
0 2 3 4 5 6 7 9 26 36 46 54 60 62 63 64 67 69 76 96 

25
1 2 3 4 5 6 7 13 14 23 24 35 47 51 52 53 54 56 63 64 71 72 73 74 76 

30
2 3 4 5 6 7 8 9 27 32 34 35 36 38 42 43 44 46 54 63 64 68 73 75 76 78 89 92 94 95 

32
0 1 3 4 5 6 7 8 9 39 40 43 45 49 54 58 60 61 63 65 80 81 83 85 89 90 91 93 95 96 97 99 

21
0 1 4 5 6 8 15 45 48 58 60 61 64 65 68 80 81 84 85 86 88 

28
0 1 2 3 4 5 6 7 9 15 16 17 25 27 35 37 41 42 43 45 47 54 60 79 91 92 93 97 

18
0 2 3 5 6 8 20 25 26 28 30 35 36 38 56 58 62 83 

10
3 6 7 9 36 37 39 63 76 93 

10
0 4 6 7 46 48 60 64 67 76 

25
1 3 4 5 6 7 9 13 16 39 43 46 51 53 54 56 57 65 73 76 91 93 94 96 97 

33
0 1 2 3 4 5 6 7 8 9 13 16 18 24 26 28 30 32 41 54 56 58 63 64 68 73 74 85 87 89 93 96 98 

35
0 1 2 3 5 6 7 8 9 10 11 12 15 16 19 20 21 25 30 31 35 37 51 56 57 68 71 73 80 81 86 90 91 95 96 

33
0 1 2 3 4 5 6 7 8 9 13 15 18 19 20 23 27 29 31 40 43 48 49 54 60 67 68 72 74 85 87 89 96 

29
2 3 4 5 6 7 8 9 25 28 39 47 48 53 56 57 58 64 65 67 68 72 75 83 85 86 87 93 98 

20
1 2 4 5 7 9 15 19 21 25 27 29 41 45 47 49 54 75 79 92 

15
0 1 3 6 8 9 16 31 39 61 63 68 69 81 90 

30
0 1 2 3 5 7 8 9 19 29 30 31 32 36 38 50 51 56 57 58 60 62 79 85 90 91 92 96 97 98 

19
0 1 3 4 6 8 9 13 16 34 41 43 46 48 49 60 83 89 94 

14
3 4 6 8 36 43 46 48 63 64 66 68 83 86 

24
1 3 4 5 6 7 8 13 16 35 43 46 51 53 54 56 58 67 71 73 74 76 83 86 

27
0 2 3 4 5 7 8 9 20 23 28 30 38 40 48 50 53 58 70 73 78 82 84 87 89 90 98 

20
1 4 5 7 8 9 17 41 48 51 54 58 59 71 74 78 79 85 91 98 

31
0 2 3 5 6 7 8 9 25 27 28 29 35 36 38 39 53 57 63 65 67 68 70 72 75 79 83 87 93 95 97 

14
0 3 4 5 7 9 35 45 53 54 57 59 75 95 

16
0 5 6 7 8 9 50 68 69 75 78 79 86 87 95 98 

0


0


0


21
0 1 2 3 5 6 7 9 17 29 39 59 69 79 90 91 92 93 95 96 97 

5
0 1 4 10 41 

11
0 1 3 4 14 31 34 40 41 43 44 

21
0 1 2 4 5 6 7 9 10 12 15 17 21 29 49 51 59 61 69 71 96 

31
0 1 2 3 4 5 6 7 8 9 18 28 48 58 68 71 72 74 75 76 79 80 81 82 83 84 85 86 87 89 98 

25
0 1 2 3 4 5 8 9 19 28 31 32 34 35 40 53 61 81 84 85 91 92 94 95 96 

28
0 1 4 5 6 7 8 9 19 43 47 58 69 79 80 81 83 84 85 86 87 88 90 91 95 96 97 98 

31
0 1 2 4 5 6 7 8 9 12 16 19 21 25 28 41 45 47 48 51 61 62 64 70 74 77 78 87 91 95 98 

25
2 3 4 6 7 8 9 23 32 36 37 38 39 46 47 48 49 64 66 69 76 78 79 86 93 

12
0 3 5 7 9 30 37 53 73 75 79 93 

24
0 3 4 5 6 8 9 35 40 43 46 48 49 50 53 56 58 59 64 85 90 93 96 98 

20
0 3 4 6 7 8 9 36 40 43 48 49 60 68 69 73 78 79 87 94 

36
0 1 2 3 4 5 6 7 8 9 19 29 31 37 38 40 41 42 48 57 60 62 63 65 67 70 72 73 76 77 84 90 91 93 95 97 

37
0 1 2 3 4 5 6 7 8 9 17 20 21 23 24 25 26 29 37 42 58 62 70 71 73 74 75 79 80 81 83 84 85 86 89 90 93 

12
0 2 3 6 9 23 26 39 60 92 93 96 

26
0 2 3 4 6 7 8 9 12 23 26 29 31 32 34 40 47 48 62 64 72 74 82 84 92 94 

30
1 2 3 4 5 7 9 12 14 15 17 19 22 23 24 25 27 29 34 35 37 39 42 52 54 57 71 92 94 97 

19
1 2 3 4 6 9 14 19 21 24 29 34 39 42 46 61 64 69 93 

28
1 2 3 4 6 7 9 13 17 19 21 24 27 29 39 43 47 49 61 63 64 69 72 91 94 96 97 99 

23
2 3 4 5 6 7 9 24 26 27 29 36 46 47 53 54 56 57 59 62 75 96 97 

17
0 1 4 5 7 8 9 19 48 54 57 59 70 84 87 89 95 

25
2 3 4 5 6 7 8 23 24 25 28 36 43 45 48 52 63 64 65 68 73 74 75 78 87 

29
0 1 2 4 5 6 8 9 10 12 14 16 26 29 49 51 54 56 58 59 69 86 89 91 94 95 96 98 99 

29
0 1 2 3 4 5 6 7 8 9 20 32 35 37 38 41 52 54 58 59 65 67 68 72 74 78 83 86 96 

12
0 2 4 5 8 24 25 28 45 50 52 85 

27
1 3 4 5 6 7 9 15 16 34 37 39 49 54 57 59 64 67 69 73 74 76 79 91 94 97 99 

7
3 5 6 35 56 63 65 

11
1 4 5 8 14 41 45 48 51 58 84 

26
1 2 3 5 6 7 9 12 13 15 16 17 21 37 59 62 63 65 72 76 79 92 93 95 96 97 

19
0 1 2 3 6 7 9 16 19 36 60 61 63 66 67 69 76 79 96 

20
0 1 3 4 6 7 8 14 16 17 30 34 36 37 43 61 78 84 86 87 

16
0 3 5 6 8 30 35 38 56 58 68 80 83 85 86 88 

38
0 1 2 3 4 5 6 7 8 9 17 19 20 21 25 26 27 30 31 35 36 48 51 54 56 57 63 70 71 72 75 80 81 84 86 90 94 96 

41
0 1 2 3 4 5 6 7 8 9 17 18 20 23 26 27 28 29 32 34 36 38 39 40 46 50 57 58 59 69 73 89 90 91 93 94 95 96 97 98 99 

11
1 3 7 9 13 17 31 39 73 93 97 

25
1 2 3 4 6 8 13 16 18 28 31 36 38 41 42 46 48 61 62 68 81 82 84 86 88 

35
0 1 2 3 4 5 7 8 9 10 12 13 14 19 29 31 35 47 50 53 54 58 59 70 73 74 78 83 89 90 91 92 93 94 98 

20
2 4 5 6 7 8 27 45 52 54 56 58 62 64 72 74 76 78 82 84 

25
0 1 2 3 4 6 7 8 13 18 28 38 48 68 72 73 76 78 80 81 82 83 84 87 88 

21
0 2 3 4 5 8 9 23 28 29 39 45 49 54 85 89 90 92 93 95 99 

28
2 3 5 6 8 9 23 25 26 28 29 33 35 36 38 39 52 53 55 56 58 59 63 68 83 93 95 98 

20
1 3 5 7 8 9 15 17 18 19 35 37 38 39 51 75 78 83 95 98 

19
3 6 7 8 9 36 37 38 39 67 68 73 76 77 78 79 87 97 98 

18
0 3 4 5 6 30 33 34 35 36 40 43 44 45 46 53 63 64 

27
2 3 5 6 7 8 25 26 27 28 35 53 55 56 57 58 63 65 67 68 72 75 76 77 78 85 87 

21
3 4 5 6 7 8 9 34 49 53 54 56 57 58 64 68 78 85 96 97 98 

22
0 1 2 4 7 9 10 11 12 14 17 19 20 21 27 29 40 41 47 49 71 91 

32
0 1 2 3 4 6 7 8 9 10 13 17 18 23 28 34 40 42 43 47 48 60 62 63 67 68 76 89 90 93 97 98 

32
0 1 2 4 5 6 7 8 9 10 12 14 17 18 27 40 50 60 62 64 68 70 72 74 77 78 79 87 90 92 97 98 

30
0 1 2 3 4 5 6 7 8 9 17 19 27 29 37 39 49 59 67 69 79 87 90 91 92 93 94 95 96 98 

33
0 1 2 3 4 5 6 7 8 9 12 16 17 19 21 25 28 31 38 41 42 43 45 47 50 61 62 68 69 71 84 91 98 

17
0 3 6 7 8 30 33 36 37 38 63 73 76 80 83 86 87 

13
0 3 4 6 9 30 34 36 43 69 90 94 96 

0


20
1 2 3 4 5 7 13 15 21 23 25 27 34 41 43 45 47 52 73 75 

35
0 1 2 3 4 6 8 9 13 14 18 19 21 23 24 28 29 38 40 41 43 48 49 61 64 68 69 81 82 83 84 86 88 89 94 

44
0 1 2 3 4 5 6 7 8 9 12 14 15 17 18 21 22 23 24 25 27 28 29 31 32 34 35 38 39 43 52 61 64 65 67 68 69 70 86 92 94 95 97 98 

33
0 1 2 4 5 7 8 9 14 18 24 40 41 42 45 48 59 70 71 72 75 78 80 81 82 85 87 88 90 91 92 95 98 

43
0 1 2 3 4 5 6 7 8 9 18 21 23 24 25 27 28 29 30 41 43 47 48 51 53 59 61 63 64 65 67 68 69 72 81 83 84 85 86 87 88 89 96 

61
0 1 2 3 4 5 6 7 8 9 15 16 18 19 20 21 22 24 26 27 28 29 30 31 32 35 36 37 38 39 40 41 42 45 46 47 48 49 50 51 52 55 56 57 58 59 65 72 75 76 78 79 80 81 82 85 86 87 88 89 93 

43
0 1 2 3 4 5 6 7 8 9 12 13 18 19 25 36 40 41 42 43 48 49 50 51 52 53 58 59 60 61 62 63 68 69 70 71 72 73 78 79 84 87 94 

16
1 2 3 5 6 15 16 21 23 36 51 52 53 61 62 63 

25
0 1 2 4 5 6 7 9 12 16 20 29 46 52 56 67 71 72 74 76 91 92 94 95 96 

20
0 3 6 7 8 9 30 67 70 73 76 77 78 79 83 86 87 93 96 97 

16
1 2 3 7 11 12 13 17 21 23 31 32 33 37 71 73 

49
1 2 3 4 5 6 8 9 12 13 14 15 16 18 19 22 23 24 25 26 28 29 32 34 36 38 39 42 52 54 56 58 59 69 82 83 84 85 86 88 89 91 92 93 94 95 96 98 99 

33
0 1 2 3 4 5 6 8 9 18 21 23 26 35 41 43 46 51 52 53 54 56 59 60 81 82 83 84 86 89 91 93 96 

16
0 1 2 3 5 8 13 18 23 28 35 51 52 53 58 80 

15
3 6 7 8 9 37 63 68 69 73 78 79 86 93 98 

14
0 1 3 6 7 9 17 19 37 39 67 69 70 90 

18
0 1 2 4 6 8 14 18 20 21 24 28 42 60 61 64 68 86 

14
1 4 7 8 18 41 48 71 74 78 81 84 87 88 

39
0 2 3 4 5 6 7 8 9 22 23 24 25 26 32 34 35 36 37 42 49 50 58 62 64 65 72 74 75 82 84 85 86 87 92 94 95 96 97 

34
0 1 2 3 4 5 8 9 11 12 14 15 18 19 21 31 32 34 35 38 39 41 42 43 44 45 48 51 52 54 58 59 81 90 

24
2 3 4 5 7 9 22 23 24 25 27 29 32 35 42 43 45 47 49 52 72 75 92 95 

15
3 4 5 6 7 34 43 45 47 53 57 63 65 67 76 

20
0 3 4 5 7 8 9 30 43 47 53 57 79 83 87 93 94 95 97 98 

24
1 2 4 5 6 7 11 12 14 15 16 17 21 26 41 46 51 52 54 56 57 61 71 76 

38
0 1 3 4 6 7 8 9 13 14 16 19 34 40 41 43 44 46 48 49 61 63 64 66 67 68 69 71 73 74 76 78 79 83 84 86 89 96 

32
0 1 2 3 5 7 8 9 12 13 15 17 18 19 20 32 35 38 58 72 75 78 81 82 83 85 87 88 89 92 95 98 

31
1 2 3 5 6 7 8 9 12 19 21 25 27 28 31 35 37 38 51 57 58 61 65 67 68 76 83 91 95 97 98 

13
0 1 4 7 8 10 14 18 47 70 74 78 81 

15
1 2 6 8 9 12 26 29 61 62 68 82 91 92 98 

27
0 1 3 5 6 7 8 9 13 16 37 51 53 56 58 59 60 65 71 73 76 78 79 83 86 93 96 

31
1 2 3 4 6 8 9 12 13 14 16 19 23 24 29 32 33 34 36 38 39 43 63 64 69 82 83 84 86 89 91 

28
2 3 4 5 6 9 23 25 26 29 32 33 35 36 39 43 45 46 49 53 56 59 64 92 93 95 96 99 

18
0 2 6 7 8 9 20 26 28 29 67 70 76 78 79 82 96 98 

14
2 7 8 9 22 27 28 29 72 78 79 82 92 98 

15
3 5 6 8 9 36 39 53 56 59 65 83 86 89 98 

13
0 4 5 8 9 40 48 49 50 58 59 84 95 

30
0 1 4 5 6 8 9 15 16 18 19 45 46 48 49 50 51 54 55 56 58 59 68 81 84 85 86 88 89 95 

12
0 1 3 6 7 16 17 31 36 37 63 70 

22
1 2 3 4 7 11 12 13 14 17 23 31 32 33 34 41 42 43 71 72 73 74 

25
2 3 4 5 7 8 9 24 28 32 34 37 38 39 43 52 54 57 58 59 74 78 85 94 98 

12
0 2 3 4 9 23 24 30 49 92 93 94 

20
2 4 5 6 7 9 24 42 46 47 49 52 56 57 59 62 69 72 79 95 

20
2 3 4 5 6 9 23 25 34 42 43 45 49 56 62 63 65 69 93 95 

21
0 2 3 4 5 6 9 29 30 42 43 46 52 53 56 60 92 93 94 95 96 

24
2 3 6 7 8 9 23 28 32 33 36 37 38 39 63 68 72 73 76 78 79 83 93 98 

25
1 2 4 6 7 8 9 17 21 28 41 48 61 62 64 68 69 71 72 74 78 79 86 91 98 

37
0 1 2 4 5 6 7 8 9 14 16 17 18 21 24 26 27 28 45 47 51 54 56 58 69 70 71 74 76 77 78 82 91 94 96 97 98 

20
1 2 4 5 6 7 14 21 27 41 42 45 47 51 57 61 62 65 67 76 

20
2 4 5 6 7 8 24 42 45 46 47 58 62 65 72 75 82 85 86 87 

47
0 1 2 3 4 5 6 7 8 9 12 19 21 23 25 26 28 29 31 36 37 39 41 43 45 46 47 48 49 51 56 57 59 62 70 81 86 87 89 91 93 94 95 96 97 98 99 

32
0 1 3 4 5 6 7 9 19 31 34 35 36 37 43 45 51 54 55 56 57 59 60 71 74 75 76 91 94 95 96 97 

15
2 3 6 7 8 23 32 36 38 62 68 72 76 78 87 

35
0 1 3 4 5 6 7 8 9 15 31 36 37 38 39 41 46 47 48 49 51 56 57 58 59 60 63 65 74 81 86 87 91 96 97 

20
0 1 4 5 6 8 9 14 15 16 18 19 48 49 58 59 68 69 81 90 

16
1 4 5 6 9 14 15 16 45 46 59 61 69 94 95 96 

19
1 2 5 6 7 17 21 27 51 52 56 57 61 67 71 72 75 76 77 

32
0 1 3 4 5 6 7 8 10 13 15 17 18 31 40 43 45 47 48 54 60 63 67 68 70 73 75 76 77 78 81 87 

18
0 3 5 7 8 9 30 35 37 38 53 79 85 87 90 95 97 98 

15
2 3 6 8 9 23 28 29 32 63 68 69 86 93 98 

19
1 3 4 7 9 17 31 37 41 43 47 49 71 73 74 77 79 91 97 

14
5 7 8 9 58 75 78 79 85 87 88 89 95 98 

0


22
0 1 2 3 4 6 8 12 20 21 23 26 38 40 41 43 46 64 80 81 83 86 

33
0 1 2 4 5 6 7 8 18 21 25 28 41 45 48 56 58 61 62 64 65 67 68 71 75 78 80 81 82 84 85 87 88 

34
2 3 4 5 7 8 9 23 24 25 27 35 42 43 44 45 47 49 52 53 54 55 57 78 82 83 84 85 87 92 93 94 95 97 

29
0 2 3 4 5 6 7 9 23 25 27 34 40 42 43 45 46 47 54 63 65 67 79 90 92 93 95 96 97 

49
0 1 2 3 4 5 6 7 8 9 10 13 14 15 16 19 20 23 24 25 26 29 34 35 36 39 41 49 58 62 70 73 74 75 76 79 80 83 84 85 86 89 90 93 94 95 96 97 99 

12
0 1 5 9 10 11 15 19 51 90 91 95 

45
0 1 2 3 4 5 6 7 8 9 12 13 15 28 34 36 40 41 42 43 45 47 58 59 60 61 62 63 65 67 72 73 75 80 81 82 83 85 87 90 91 92 93 95 97 

26
0 1 4 5 6 7 8 14 15 16 17 18 41 44 45 46 47 48 50 64 65 67 74 84 85 87 

12
0 5 6 7 56 60 65 66 67 70 75 76 

36
1 2 3 5 6 7 8 12 13 17 27 31 32 33 35 37 38 52 53 57 61 62 63 65 67 68 71 72 73 75 76 77 78 82 83 87 

11
3 4 7 8 37 38 47 48 78 83 84 

32
0 1 3 4 5 6 8 9 13 15 16 18 19 31 35 43 45 46 48 49 53 54 55 56 58 59 60 81 93 95 96 98 

20
1 3 4 5 8 9 14 15 31 34 35 39 43 58 81 84 85 89 94 95 

25
1 2 4 5 6 8 9 15 19 25 29 41 42 45 46 49 54 65 69 81 82 85 86 89 98 

48
0 1 2 3 4 5 6 7 8 9 15 20 21 24 25 26 29 30 31 34 35 36 39 41 45 46 49 50 51 53 54 55 56 59 62 70 71 74 75 76 79 80 81 84 86 89 97 98 

44
0 1 2 3 4 5 6 7 8 9 10 12 15 17 18 19 25 27 29 31 32 34 35 37 38 39 41 45 47 49 53 61 62 64 65 67 68 69 76 85 87 89 91 96 

40
0 1 2 3 4 5 6 7 8 9 15 17 20 37 41 42 43 49 51 52 53 54 56 58 59 61 63 69 71 72 73 74 76 78 79 81 82 83 89 97 

15
1 3 5 6 7 16 31 37 51 53 57 61 63 67 75 

14
1 5 6 9 11 15 16 19 51 61 65 91 95 96 

15
0 2 3 4 6 26 32 36 42 46 60 62 63 64 66 

18
0 1 2 4 8 9 10 12 14 18 28 48 81 89 90 92 94 98 

18
0 2 4 6 7 9 29 40 42 46 47 62 67 74 90 92 96 97 

12
0 3 4 5 7 30 45 53 54 57 73 74 

34
1 2 3 4 5 6 7 8 15 17 18 25 27 28 35 37 38 41 42 43 45 47 48 54 56 61 62 63 65 67 68 74 76 86 

30
0 2 3 5 6 7 8 9 20 23 27 28 29 32 36 50 53 57 58 59 60 63 67 68 69 73 78 79 85 95 

15
1 2 4 5 7 14 15 17 24 25 27 45 51 52 75 

16
0 1 2 3 5 7 12 13 27 30 52 53 71 72 73 75 

33
0 2 3 4 5 6 7 8 9 23 25 26 27 29 34 43 45 46 47 48 49 54 63 65 69 73 75 79 83 85 89 90 92 

23
0 3 4 5 6 7 8 37 48 53 54 63 64 70 73 74 75 76 80 83 84 85 86 

44
0 1 2 3 4 5 6 7 8 9 10 12 13 14 15 16 18 27 32 34 36 38 41 52 54 56 58 61 69 70 72 73 74 75 76 78 81 90 92 93 94 95 96 98 

25
1 2 4 5 6 8 9 14 15 16 18 19 24 25 26 28 29 45 46 52 61 85 86 95 96 

43
0 1 2 3 4 5 6 7 8 9 13 21 24 25 26 27 30 31 33 34 35 36 37 49 58 62 71 73 74 75 76 81 83 84 85 86 87 91 93 94 95 96 97 

48
0 1 2 3 4 5 6 7 8 9 12 20 21 24 25 26 28 29 30 31 34 35 36 38 39 41 45 46 48 49 56 60 61 64 65 66 67 68 69 70 71 74 75 76 78 79 82 93 

12
0 5 6 7 9 56 57 59 67 69 70 95 

23
0 2 4 5 7 8 9 28 40 42 45 47 49 52 57 74 80 82 85 87 89 92 97 

33
0 1 2 3 4 5 6 7 8 9 21 27 29 31 34 37 38 39 47 49 51 54 57 59 67 69 70 72 75 76 87 89 93 

49
0 1 2 3 4 5 6 7 8 9 10 12 13 15 17 18 19 26 32 35 37 39 40 42 43 45 47 48 49 50 51 52 53 55 57 58 59 60 62 63 65 67 68 69 75 82 87 89 94 

19
2 3 5 7 8 9 27 37 52 53 57 58 75 79 87 92 93 97 98 

19
1 2 4 6 8 9 18 21 24 28 29 48 61 64 68 69 82 86 98 

25
1 2 3 4 5 7 8 15 17 25 27 31 32 35 37 38 41 42 45 47 48 53 74 85 87 

24
1 2 4 5 6 9 14 19 24 29 41 42 44 45 46 49 54 59 61 62 64 65 69 94 

16
0 1 3 4 6 7 14 34 41 43 46 47 61 63 67 70 

20
1 2 4 5 8 9 14 21 25 28 29 41 45 48 49 51 58 82 91 98 

23
0 1 3 5 6 8 9 16 30 31 35 38 39 51 59 60 61 65 68 69 81 89 93 

52
0 1 2 3 4 5 7 8 9 10 11 12 13 14 15 17 19 21 23 24 25 27 38 48 50 52 53 54 55 57 59 70 71 72 73 74 75 77 79 80 81 82 83 84 85 87 89 91 93 94 95 97 

37
1 2 3 4 5 7 8 9 14 21 22 25 27 28 29 31 32 35 38 39 41 42 45 48 49 51 52 58 59 71 72 75 78 79 83 92 93 

52
0 1 2 3 4 5 6 7 8 9 12 13 14 16 17 18 19 29 32 36 37 38 39 42 46 47 48 49 52 53 54 56 57 58 59 60 71 72 73 74 76 77 78 79 85 92 93 94 96 97 98 99 

31
2 3 5 6 7 8 9 26 32 37 39 52 53 57 59 62 63 67 69 72 73 75 77 79 82 83 87 89 95 97 98 

19
1 2 4 5 8 9 18 21 24 45 51 52 54 59 81 82 84 89 91 

16
0 3 4 5 7 9 34 37 40 54 57 79 93 94 95 97 

15
2 3 4 5 9 24 25 29 34 35 39 43 54 59 92 

23
0 3 4 5 6 8 9 36 38 40 43 45 46 48 56 58 69 84 90 93 95 96 98 

33
1 2 4 5 6 7 9 11 14 15 17 21 24 25 27 41 49 51 54 57 64 65 67 71 72 74 75 76 77 91 94 95 97 

24
2 3 4 6 7 9 24 26 29 34 36 39 42 46 47 63 64 66 69 74 76 79 94 96 

18
0 2 3 6 7 9 23 26 39 67 70 72 73 76 90 92 93 96 

42
0 1 2 3 4 5 6 7 8 9 13 28 31 32 34 35 37 39 46 59 61 62 64 65 67 69 71 72 74 75 79 81 84 85 87 89 90 91 92 94 95 97 

41
1 2 4 5 6 7 8 9 12 14 16 17 18 21 47 52 54 56 57 58 62 64 65 66 67 68 72 74 76 77 78 79 82 84 86 87 92 94 96 97 98 

34
0 1 2 4 5 6 7 8 9 10 14 16 17 19 20 24 26 27 29 45 50 54 56 57 59 61 68 71 80 84 86 87 89 92 

12
0 3 5 6 9 35 36 39 50 63 95 96 

36
1 2 3 4 5 7 8 9 13 17 18 19 21 23 28 29 34 35 41 43 47 48 49 51 53 57 58 59 71 73 74 77 78 79 82 97 

11
1 3 5 9 13 31 35 39 51 59 93 

15
1 3 6 7 8 16 17 31 36 37 68 73 81 86 87 

40
0 1 2 3 4 5 7 8 13 14 17 21 24 28 30 31 32 34 38 40 41 42 44 48 50 51 52 54 58 70 71 72 74 78 80 81 82 84 85 88 

32
0 1 2 3 4 5 7 8 9 12 14 17 19 28 31 32 34 37 39 43 51 52 54 57 70 75 81 82 84 87 89 93 

15
2 3 4 7 9 24 32 37 42 43 47 79 92 93 97 

44
2 3 4 5 6 7 8 9 24 25 26 28 34 35 36 38 47 49 52 53 54 55 56 58 65 72 73 74 75 76 78 82 83 84 85 86 87 88 92 93 94 95 96 98 

27
0 2 3 4 5 6 7 9 24 25 26 27 29 34 35 36 37 39 43 50 53 63 72 94 95 96 97 

44
0 1 3 4 5 6 7 8 9 11 13 15 16 18 19 31 35 38 39 41 43 45 46 48 49 50 54 61 65 68 69 71 73 75 76 78 79 81 83 85 86 88 89 97 

41
0 1 3 4 5 6 7 8 9 10 11 13 15 17 19 38 40 41 43 45 49 51 60 61 65 67 69 70 71 73 74 75 77 79 80 81 83 85 87 89 96 

20
1 2 4 5 7 9 12 15 17 19 21 42 45 47 49 52 59 72 79 94 

15
1 3 4 6 8 13 31 36 38 41 46 48 61 68 84 

0


23
0 1 4 6 7 8 9 17 18 40 41 46 47 48 67 68 74 89 90 91 96 97 98 

0


39
0 1 2 3 4 5 6 7 8 9 13 20 31 34 35 36 38 47 49 51 54 61 62 64 71 72 74 75 76 78 81 82 84 91 92 94 95 96 98 

12
0 1 2 6 7 12 16 27 60 71 72 76 

49
0 1 2 3 4 5 6 7 8 9 10 11 13 14 15 17 18 19 20 21 24 25 27 29 32 41 43 45 47 51 60 61 63 64 65 67 69 76 80 81 83 84 85 87 89 91 93 95 97 

14
1 2 3 7 17 21 27 31 32 37 71 72 73 77 

39
0 1 2 3 5 6 7 9 12 13 15 16 23 30 31 32 33 35 36 37 50 51 52 53 55 56 57 69 72 73 75 76 90 91 92 93 95 96 97 

32
0 1 2 3 4 5 6 9 14 15 16 19 24 25 26 29 31 32 34 35 36 43 45 50 51 52 54 55 56 59 65 90 

58
0 1 2 3 4 5 7 8 9 12 14 15 17 18 20 21 22 23 24 25 27 28 32 34 37 38 40 41 42 43 44 45 47 48 50 51 52 54 55 57 58 59 70 71 72 73 74 75 77 78 84 90 92 93 94 95 97 98 

12
0 1 3 5 6 13 30 36 53 61 63 65 

50
0 1 2 3 4 5 6 7 8 9 10 11 13 14 15 16 18 19 20 21 24 25 26 28 29 30 31 34 35 36 38 39 41 52 61 64 65 68 70 71 74 75 76 78 79 87 91 94 95 98 

14
1 5 6 7 15 17 57 61 65 67 71 75 76 77 

17
0 1 2 5 8 9 12 19 28 52 59 80 81 82 85 89 98 

43
1 2 3 5 6 7 8 9 12 13 15 16 17 18 22 23 25 26 27 28 29 32 35 36 37 52 53 55 56 57 58 61 75 82 85 86 87 92 93 95 96 97 98 

20
2 3 5 6 7 9 26 27 32 35 36 37 56 57 69 73 92 95 96 97 

12
0 4 5 6 8 40 54 56 58 65 84 86 

29
0 1 2 3 4 6 8 9 16 18 20 21 23 26 28 39 40 41 43 46 48 62 82 84 90 91 93 96 98 

33
0 1 2 3 4 5 7 8 9 12 13 14 17 18 19 23 27 28 29 30 47 48 49 52 53 54 57 58 59 71 75 85 91 

19
2 3 5 6 7 8 25 32 35 36 38 53 57 65 72 75 76 78 85 

51
1 2 3 4 5 6 7 8 9 17 21 23 24 25 26 28 29 31 34 36 38 39 41 43 44 45 46 47 49 51 54 56 58 59 64 71 73 74 75 76 78 79 89 91 92 93 94 95 96 98 99 

43
0 1 2 3 4 5 6 7 8 9 13 20 21 24 25 27 28 29 30 31 34 35 37 38 39 46 51 54 57 59 60 61 64 65 67 68 69 73 81 84 87 89 92 

15
2 4 5 8 9 25 29 42 45 49 54 82 85 89 98 

22
0 1 2 3 4 7 9 10 13 17 20 21 23 27 39 40 43 47 74 90 93 97 

0


0


11
0 1 3 7 9 19 30 31 37 90 91 

0


36
0 1 2 3 5 6 7 8 9 10 12 13 15 16 17 19 23 30 31 32 33 35 37 39 53 60 67 69 73 80 82 83 85 87 89 98 

51
0 1 2 3 4 5 6 7 8 9 10 12 15 27 37 45 50 52 53 54 55 56 58 60 62 63 64 65 68 70 71 72 73 74 75 78 80 81 82 83 84 85 88 89 90 91 92 93 94 95 98 

38
0 1 3 4 5 6 7 8 9 14 18 19 30 34 38 39 46 50 54 58 59 60 61 64 68 69 70 71 74 78 79 80 83 84 85 88 89 97 

0


0


40
0 1 2 3 4 5 6 7 8 9 14 29 30 31 32 35 36 37 40 41 42 45 46 47 48 53 69 73 80 81 85 86 87 90 91 92 95 96 97 98 

0


15
0 1 4 5 8 9 10 14 15 18 19 41 51 81 91 

36
0 1 2 3 4 5 6 7 8 9 10 21 24 25 26 27 28 29 31 34 35 36 37 38 39 42 53 62 70 81 84 85 86 87 89 92 

37
0 1 3 5 6 7 9 13 15 17 19 35 37 50 51 53 56 57 59 60 61 63 65 67 69 70 71 73 75 77 79 90 91 93 95 97 99 

34
0 1 2 3 4 5 6 7 8 9 15 23 26 35 40 41 42 43 46 47 48 49 50 51 52 53 56 57 58 59 65 74 85 94 

32
0 1 2 5 6 7 8 15 16 17 18 21 25 27 28 51 52 55 57 58 60 61 65 66 67 68 71 75 76 77 78 85 

33
1 2 3 4 5 6 7 8 9 12 16 18 21 24 27 31 34 37 41 47 51 57 61 64 67 73 75 79 81 84 87 91 97 

23
0 1 3 4 6 7 8 9 18 38 48 50 68 78 80 81 83 84 85 86 87 89 98 

27
0 1 2 3 4 5 7 8 9 10 19 21 23 32 34 37 38 41 43 71 73 81 83 85 91 93 95 

44
1 2 3 4 5 6 7 8 9 11 12 13 14 15 17 18 19 29 31 32 34 37 38 41 51 52 54 57 61 62 63 64 65 67 68 79 86 91 92 93 94 95 97 98 

12
1 2 6 9 12 21 26 29 62 82 92 98 

22
1 2 3 5 7 8 9 12 13 15 21 37 58 72 73 75 79 82 83 85 89 93 

37
0 1 2 3 4 5 6 7 8 9 13 17 21 22 23 24 26 31 32 34 35 36 38 42 69 71 72 74 76 78 86 90 91 92 94 95 96 

29
0 2 3 4 5 6 7 8 9 23 32 34 36 37 38 42 52 56 57 58 60 75 79 83 92 94 96 97 98 

23
0 1 2 3 4 6 7 8 14 24 34 40 41 42 43 48 68 70 71 72 73 78 87 

27
0 1 2 3 4 5 7 8 9 12 20 24 25 28 32 37 41 42 47 52 57 73 79 82 87 92 97 

23
0 1 2 3 5 7 8 9 10 12 21 23 25 29 30 32 50 52 70 80 82 90 92 

24
0 2 3 5 6 7 8 9 26 30 35 37 39 52 53 58 62 63 72 73 78 83 92 93 

22
0 2 5 6 7 8 9 26 52 57 58 62 65 67 68 79 80 86 92 95 97 98 

33
0 1 2 3 4 5 6 7 8 9 10 12 15 24 27 30 32 40 42 45 50 52 60 62 65 70 72 75 80 82 85 90 92 

20
0 1 2 4 5 6 8 9 12 20 24 25 26 28 29 42 52 62 82 92 

14
1 2 3 6 8 12 13 16 28 31 62 63 82 83 

31
0 1 2 3 4 5 6 7 8 12 16 17 21 28 30 32 36 37 42 46 47 50 52 56 57 63 65 74 82 86 87 

48
1 2 3 4 5 7 8 9 12 15 18 19 28 31 32 35 37 38 39 41 42 45 47 48 51 52 53 54 55 57 58 59 72 75 78 79 81 82 85 87 88 89 91 92 95 97 98 99 

27
0 1 2 3 4 5 6 7 8 9 13 23 30 32 34 35 36 37 38 39 43 51 53 63 73 83 93 

27
0 1 2 3 5 6 7 8 13 15 16 23 24 25 26 31 37 38 43 52 60 73 75 76 83 85 86 

27
1 3 4 5 6 8 9 13 31 33 34 35 36 38 39 43 53 54 56 63 81 83 84 86 93 94 96 

21
1 2 3 4 5 6 8 13 14 16 18 23 26 28 35 46 53 56 58 61 82 

12
0 3 5 6 9 35 53 56 59 60 93 96 

31
0 1 3 4 5 6 8 9 13 14 15 16 34 35 36 40 41 43 44 46 54 68 69 83 84 85 86 93 94 95 96 

47
0 1 2 3 4 5 7 8 9 10 11 12 13 14 17 18 21 24 27 28 31 37 38 40 41 42 43 44 47 48 50 51 52 53 54 57 58 74 79 85 90 91 92 93 94 97 98 

25
1 2 3 4 5 6 7 8 9 12 28 38 48 58 68 78 81 82 83 84 85 86 87 89 98 

21
0 2 3 4 6 7 8 9 24 29 38 48 68 70 82 83 84 86 87 89 90 

11
3 4 8 9 34 39 43 48 83 93 98 

28
0 1 2 3 4 5 6 8 9 13 21 24 26 31 34 35 36 40 48 49 54 62 81 84 86 91 94 96 

32
0 1 2 3 4 6 7 8 9 10 13 14 19 20 23 24 29 36 42 60 63 64 68 69 70 73 74 79 80 83 84 91 

35
0 1 2 3 4 5 6 7 8 9 14 15 17 18 24 25 27 28 34 35 37 38 39 40 42 56 64 65 67 68 71 83 94 97 98 

35
0 2 3 4 5 6 7 8 9 23 24 26 28 34 40 42 43 44 45 46 47 48 49 53 54 56 58 64 73 74 76 93 94 96 98 

25
2 3 4 5 6 8 9 26 32 34 35 38 39 42 48 52 58 62 64 65 68 69 83 92 98 

32
1 2 4 5 7 9 11 12 14 15 17 19 21 22 24 25 29 41 42 45 49 51 71 72 74 75 79 91 92 94 95 99 

26
0 1 2 3 4 5 7 9 13 17 19 23 27 29 31 32 33 37 39 43 53 57 59 73 90 95 

30
1 2 3 4 6 7 8 9 12 14 18 19 27 32 34 38 39 43 54 59 62 64 68 69 72 74 78 79 86 91 

41
0 1 2 3 4 5 6 7 8 9 10 12 13 14 16 17 29 34 40 42 43 44 45 46 47 48 50 52 53 54 56 57 61 71 84 90 92 93 94 96 97 

18
0 1 4 5 6 7 14 40 41 44 45 46 47 54 56 64 74 76 

21
0 2 4 5 6 7 9 24 40 45 46 47 49 52 54 62 64 72 74 92 94 

15
0 3 4 5 6 7 37 47 57 67 70 73 74 75 76 

37
0 1 2 3 4 5 6 7 8 9 12 14 15 16 17 19 20 32 34 35 36 37 39 48 53 62 64 65 67 71 82 84 85 86 87 89 91 

26
0 1 2 3 4 5 7 8 9 15 19 25 35 45 49 50 51 52 53 54 57 58 75 79 85 95 

18
0 1 2 4 5 8 18 20 21 24 25 42 51 54 80 81 84 85 

24
0 1 2 3 4 5 6 13 20 30 31 32 34 35 36 41 42 43 51 52 53 61 62 63 

34
0 1 2 3 4 5 6 7 8 9 18 25 26 30 31 32 34 35 36 37 39 43 53 63 73 80 81 82 84 85 86 87 89 93 

17
1 3 5 6 7 8 15 35 36 53 58 67 71 75 76 85 86 

27
1 3 4 5 6 8 9 13 21 25 31 32 35 39 41 45 49 56 58 61 62 65 69 81 85 89 94 

12
2 4 5 6 7 42 45 54 56 57 65 75 

38
0 1 2 3 4 5 6 7 8 9 12 23 30 31 32 34 35 36 48 57 69 70 71 72 74 75 76 80 81 82 84 85 86 90 92 94 95 96 

14
0 1 2 3 5 7 12 17 20 32 37 52 57 70 

19
2 4 5 8 9 25 42 45 48 52 54 55 58 59 82 85 92 95 98 

11
0 2 5 6 9 25 26 29 52 60 95 

11
0 3 6 7 8 36 37 60 70 86 87 

32
0 1 2 3 4 5 6 7 8 9 19 29 34 41 42 43 45 46 47 48 53 56 60 70 84 91 92 93 95 96 97 98 

23
0 1 2 3 4 6 7 8 13 16 23 26 36 43 46 60 61 62 64 67 68 76 86 

39
0 1 2 3 4 5 6 7 8 9 10 16 18 19 20 26 28 29 30 36 38 39 40 46 48 61 63 67 70 76 78 79 80 82 84 86 88 89 98 

40
0 1 2 3 4 5 6 7 8 9 18 20 21 24 29 30 31 32 34 36 37 39 48 50 51 52 54 56 57 59 63 75 80 81 82 84 86 87 89 93 

15
1 2 3 6 7 13 21 26 27 31 32 36 37 63 73 

37
0 1 2 3 4 5 6 7 8 9 10 12 15 16 17 18 19 23 30 32 35 36 37 38 39 40 42 45 46 47 48 49 53 63 71 83 94 

24
0 1 2 4 5 6 7 8 9 15 25 45 50 51 52 54 56 57 58 59 65 75 85 95 

31
0 1 2 3 4 5 6 7 8 9 10 12 13 14 16 25 35 45 50 51 52 53 54 56 57 58 59 65 75 85 95 

36
0 1 2 3 4 5 6 7 8 9 10 13 14 15 16 18 27 39 47 57 67 70 71 72 73 74 75 76 78 87 90 93 94 95 96 98 

27
0 3 4 5 6 7 8 9 34 40 43 45 46 47 58 68 79 80 83 85 86 87 90 93 95 96 97 

29
0 1 2 4 5 6 7 8 9 19 20 21 24 25 26 27 28 49 52 69 79 89 90 91 94 95 96 97 98 

12
0 1 3 5 7 17 37 51 53 57 70 75 

34
0 1 2 3 4 5 6 7 8 9 15 17 25 26 27 35 37 45 46 47 51 52 53 59 65 70 74 78 85 86 87 95 96 97 

39
0 1 2 3 4 5 6 7 8 9 18 20 21 24 25 26 27 29 30 31 34 35 36 37 39 45 46 47 53 63 72 80 81 84 85 86 87 89 93 

11
2 7 8 17 18 27 28 72 77 78 87 

17
0 2 4 6 7 9 24 40 42 46 47 49 60 62 67 74 94 

48
0 1 2 3 4 5 6 7 8 9 10 12 14 17 24 30 32 34 37 39 40 41 42 43 44 47 48 49 50 51 52 54 57 59 60 61 62 64 67 69 76 80 81 82 84 87 89 94 

31
0 1 2 3 4 5 6 7 8 9 19 25 35 40 51 52 53 54 56 57 58 61 79 89 91 92 93 94 96 97 98 

29
0 1 2 3 4 6 7 8 9 14 20 31 32 36 37 38 39 41 42 46 47 48 49 63 71 72 76 84 94 

33
0 1 2 5 6 7 8 9 12 15 17 18 27 57 61 62 65 67 68 70 71 72 75 76 77 78 79 87 91 92 95 97 98 

18
0 3 4 7 8 9 30 34 37 38 49 79 89 90 93 94 97 98 

28
0 1 2 3 4 6 7 8 9 13 18 23 26 28 32 34 39 43 46 48 63 73 78 80 81 87 93 98 

33
1 2 3 4 5 6 7 8 9 14 15 18 24 25 28 34 35 38 43 46 49 52 64 65 67 68 74 75 81 94 95 97 98 

29
0 2 3 4 5 6 7 8 9 20 24 25 26 27 28 29 30 34 35 36 37 38 39 43 52 62 72 83 93 

25
0 2 3 4 5 6 7 8 26 27 28 36 38 46 48 56 57 58 64 65 76 78 80 82 83 

28
0 3 4 5 6 7 8 9 34 35 37 38 39 44 46 47 48 49 54 57 59 64 67 68 69 70 83 94 

51
0 1 2 3 4 5 6 7 8 9 10 12 13 14 16 18 19 21 37 40 41 42 43 44 45 46 48 49 50 52 53 54 56 58 59 62 63 64 69 70 72 73 74 76 78 79 82 83 84 89 94 

41
0 1 2 3 4 5 7 8 9 10 15 17 18 19 20 25 27 28 29 30 35 37 38 39 40 45 47 48 49 50 52 55 57 58 71 83 84 90 95 97 98 

21
0 2 3 4 5 6 8 9 28 38 48 52 58 68 80 83 84 85 86 89 98 

23
0 1 2 5 7 8 9 10 12 18 19 21 27 50 52 58 59 70 72 78 79 85 95 

15
5 6 7 8 9 56 65 67 68 69 76 86 95 97 98 

24
0 1 2 3 4 6 7 8 10 21 24 26 28 31 34 36 38 43 62 71 74 76 78 87 

47
0 1 2 3 4 5 6 7 8 9 13 15 16 18 23 25 26 28 31 32 33 34 35 36 38 39 43 45 46 48 53 60 71 72 73 74 75 76 78 87 91 92 93 94 95 96 98 

33
0 1 2 3 4 5 7 8 9 10 12 13 15 18 29 31 40 42 43 45 48 54 70 72 73 75 78 87 90 92 93 95 98 

32
0 1 2 3 6 7 8 9 12 21 23 26 28 29 39 61 63 68 69 71 73 76 78 79 87 90 91 93 96 97 98 99 

21
0 1 2 5 6 7 8 10 25 36 51 52 56 58 65 71 72 73 76 78 87 

12
3 6 8 9 39 58 69 89 93 95 96 98 

18
0 1 5 6 7 9 10 50 51 57 59 60 61 67 69 70 79 90 

35
0 1 2 3 4 5 6 8 9 10 11 12 14 16 18 19 21 31 32 34 36 38 39 42 46 48 49 51 52 56 58 59 65 83 91 

6
1 9 12 19 29 91 

24
0 1 2 3 4 7 8 9 18 19 23 28 29 39 43 48 49 78 79 87 90 91 92 94 

39
0 2 3 4 5 6 7 8 9 10 12 15 18 19 24 30 31 32 35 36 38 39 40 41 42 45 46 48 49 53 63 70 72 75 76 78 79 83 93 

20
1 3 4 6 7 8 9 14 31 36 37 39 41 46 47 48 49 63 74 93 

11
2 4 8 9 29 42 49 82 89 94 98 

31
0 1 2 3 4 5 7 8 9 10 12 17 19 20 27 30 37 39 40 47 49 50 57 59 73 74 80 82 87 89 95 

27
1 2 3 4 5 6 7 9 14 21 29 31 39 41 45 49 51 59 61 65 69 71 79 92 93 96 97 

38
0 1 2 3 4 5 6 7 8 9 14 21 25 28 29 31 35 38 39 41 45 48 49 56 61 65 68 69 71 75 79 81 85 89 90 92 93 97 

22
0 1 5 6 7 8 9 15 50 51 56 58 59 60 61 70 71 76 78 79 87 97 

26
0 3 4 6 7 8 9 30 39 43 46 47 49 63 67 69 74 83 86 87 89 93 96 97 98 99 

31
0 1 3 4 5 6 7 8 9 17 19 37 39 43 47 49 53 57 59 63 67 69 70 76 83 87 89 91 94 95 98 

16
2 4 5 7 8 9 29 48 58 78 82 84 85 87 89 98 

11
5 6 8 9 56 59 68 85 86 89 98 

