20
33 48 51 69 71 84 86 87 91 101 114 118 140 145 146 150 169 196 463 533 

50
6 7 31 37 47 52 54 55 63 74 78 89 95 102 115 128 137 147 159 175 178 183 203 204 218 232 255 259 270 276 284 323 338 345 356 368 376 380 383 384 392 432 466 526 540 622 635 704 743 762 

50
251 374 409 676 766 772 814 856 869 943 1018 1215 1447 1555 1564 1719 1729 1894 1975 2249 2308 2386 2490 2498 2577 2615 2908 3039 3060 3110 3211 3302 3363 3370 3456 3745 3755 3845 4092 4253 4291 4298 4609 4654 4670 4780 4893 4973 4991 4994 

50
22 75 240 264 289 357 376 456 661 728 971 993 1170 1186 1201 1221 1330 1389 1694 1709 1828 1874 2006 2034 2094 2183 2320 2331 2429 2513 2742 2753 3061 3116 3260 3300 3384 3535 3828 4149 4170 4254 4305 4330 4333 4579 4636 4645 4685 4801 

55
37 105 303 311 410 433 441 528 627 670 722 792 944 1348 1544 1604 1716 1847 1919 1976 2080 2174 2247 2324 2411 2417 2421 2494 2540 2640 2647 2737 2865 2968 3004 3012 3037 3071 3122 3132 3296 3375 3385 3485 3677 3860 3906 4004 4085 4126 4414 4532 4573 4759 4861 

