3 4 0 5 1 
3 3 0 1 1 
0 1 1 3 3 3 
5 5 5 6 7 3 0 
7 7 7 7 1 7 0 5 
3 4 0 9 2 3 3 5 3 
3 3 0 6 3 3 3 4 3 8 
2 0 2 9 9 11 10 6 2 3 9 
10 10 8 8 8 8 8 10 7 0 7 7 
12 12 12 12 12 5 5 13 8 6 2 0 5 
14 14 14 14 14 14 3 14 7 12 8 7 0 13 
0 14 10 12 10 11 1 14 5 14 10 9 8 1 7 
7 7 10 7 7 7 0 4 10 4 15 10 12 9 3 8 
11 16 6 11 15 16 12 11 6 11 0 6 10 8 9 11 4 
12 12 12 12 12 12 12 12 6 12 12 0 17 15 16 6 11 9 
19 19 19 19 4 5 4 19 5 6 4 6 17 10 9 3 16 7 0 
20 7 20 20 14 20 20 20 20 7 20 7 5 7 20 13 12 10 2 0 
13 8 8 13 8 13 8 0 19 21 8 20 8 12 11 7 3 2 1 19 4 
18 16 18 18 16 16 12 18 18 18 18 6 16 16 16 18 16 0 12 7 5 2 
18 3 20 3 0 15 19 3 19 19 19 8 19 22 3 21 14 8 15 5 13 18 1 
20 20 20 9 20 20 20 20 8 20 20 20 20 8 4 8 9 21 9 0 15 19 16 14 
9 7 9 7 9 7 0 7 7 15 7 7 7 7 18 24 7 25 20 3 10 5 1 2 16 
5 5 0 9 15 3 3 3 25 3 3 3 3 3 3 3 3 3 3 3 15 5 25 4 1 2 
23 23 10 23 10 27 17 17 27 23 22 18 23 13 22 14 3 10 24 16 15 10 0 12 6 2 8 
12 6 12 12 12 12 12 12 12 22 4 0 12 22 22 22 22 17 17 18 18 12 16 16 10 10 11 2 
0 1 1 1 1 13 11 1 11 1 14 7 1 16 4 13 1 7 29 27 16 24 21 25 4 17 18 10 6 
18 11 19 22 19 19 19 13 13 13 13 1 19 13 13 13 13 2 0 13 11 11 11 11 11 11 22 22 12 4 
6 29 13 19 15 21 20 5 27 7 28 8 16 3 0 2 14 11 25 22 23 4 24 18 17 10 26 12 30 1 
8 20 15 8 8 8 24 0 8 15 15 8 8 22 8 8 8 2 15 11 15 18 15 3 11 10 2 26 14 7