8 8 8 8 8 20 8 0 20 16 8 8 8 8 8 6 9 8 8 8 8 20 8 17 6 28 24 10 23 18 12 
4 16 29 10 2 29 5 30 31 20 26 17 31 10 7 12 26 10 4 31 19 5 25 19 7 24 15 11 0 29 30 1 
16 15 16 15 25 29 16 16 16 19 14 18 14 6 0 28 3 16 23 18 15 21 27 20 10 32 24 22 25 11 5 3 1 
20 20 20 20 20 32 20 20 23 20 14 14 14 23 10 15 14 17 17 0 24 31 20 26 24 20 24 22 22 22 18 1 16 6 
26 26 7 17 26 26 26 34 26 19 26 26 26 26 26 12 18 3 7 26 26 26 26 26 17 0 26 26 26 18 16 10 8 25 4 
3 25 10 3 2 2 3 7 21 9 2 3 6 26 8 19 31 8 29 22 26 8 36 25 22 0 13 31 13 17 14 30 23 11 5 16 
9 4 4 0 14 1 13 6 28 14 4 4 4 6 13 31 35 1 36 32 22 27 18 17 5 28 26 35 15 12 25 16 37 11 33 8 13 
25 8 25 8 8 29 12 0 8 8 25 37 7 25 25 27 25 25 25 37 12 30 27 30 8 34 12 13 26 16 35 28 22 3 6 11 25 1 
21 21 21 21 21 21 38 21 21 21 21 21 21 21 33 21 2 21 2 32 0 21 21 21 21 21 15 21 19 21 21 29 7 17 17 20 20 17 27 
18 5 14 9 17 12 25 37 5 18 22 31 5 34 32 19 21 38 22 29 10 37 30 39 12 39 35 26 19 29 36 30 20 13 15 14 25 0 4 1 
22 34 12 32 34 18 12 11 34 34 24 0 34 34 16 29 19 41 33 34 34 8 34 6 34 16 31 15 27 31 25 1 5 12 6 33 28 17 4 2 26 
29 29 39 27 21 29 25 33 29 21 29 39 29 27 29 32 29 29 29 29 29 29 29 16 3 14 7 29 0 4 29 8 10 29 21 25 30 26 21 24 12 5 
13 43 13 13 13 40 13 13 13 13 13 13 0 17 13 13 40 43 13 13 13 13 13 35 13 13 4 42 42 27 42 41 18 33 4 30 24 14 6 42 2 13 17 
11 4 36 34 11 36 18 39 27 9 16 21 9 19 14 30 18 1 10 36 20 35 16 18 28 29 21 29 24 41 25 34 4 42 14 0 8 37 2 17 35 25 7 5 
0 40 37 22 43 14 16 43 43 43 14 23 43 35 12 31 22 7 43 22 18 39 43 2 14 44 39 24 38 33 22 1 6 36 18 28 32 17 12 11 30 27 37 4 19 
34 34 34 34 34 14 34 15 6 29 26 15 34 29 34 34 15 34 14 34 11 29 34 34 34 9 34 6 15 34 40 42 38 0 36 40 28 43 19 22 17 21 10 12 8 1 
31 25 45 31 31 45 45 31 45 45 45 39 45 2 35 45 45 45 45 31 31 31 21 31 39 31 31 31 31 39 45 34 35 14 34 8 21 8 31 36 23 15 12 5 0 4 1 
2 0 11 41 20 21 6 41 41 39 5 6 19 19 36 19 45 17 30 36 18 5 48 45 18 38 43 35 40 40 16 21 42 26 41 47 12 7 11 28 2 32 29 10 48 3 31 39 
29 23 29 27 47 47 43 23 23 36 36 36 30 44 38 48 45 49 13 45 35 37 0 27 21 24 29 20 44 32 17 24 6 19 32 23 35 19 5 4 34 3 26 36 48 1 41 38 7 
32 32 29 32 30 32 32 32 32 36 32 32 32 32 32 29 29 32 32 32 10 32 32 29 50 49 36 32 47 28 17 0 41 40 28 17 45 44 38 35 27 37 31 21 5 22 32 4 16 3 
14 14 50 14 14 14 50 50 51 14 14 14 29 0 14 50 14 14 45 14 14 14 14 50 14 14 14 14 50 14 50 50 50 50 45 42 19 36 24 43 39 19 16 13 50 9 8 7 3 14 36 
12 1 49 51 21 51 10 10 17 51 41 3 10 10 3 45 43 42 1 38 11 12 39 32 12 19 41 27 43 5 45 21 37 39 28 19 23 48 36 24 31 48 34 20 17 18 16 5 7 9 0 2 
47 9 16 44 44 29 44 43 40 50 3 9 9 21 40 25 40 9 9 9 48 9 1 53 26 1 48 9 43 21 51 6 46 38 51 35 32 41 28 44 24 22 16 0 6 10 2 45 13 14 8 12 11 
24 24 53 8 24 24 8 24 46 24 44 24 24 39 24 8 35 22 27 43 24 32 19 0 26 33 7 24 24 24 24 8 46 24 4 24 24 17 25 16 5 24 9 20 8 22 41 40 38 23 14 11 18 3 
40 7 31 40 38 31 38 40 40 40 40 32 40 40 46 40 40 25 40 38 38 38 38 48 12 38 38 38 38 38 7 3 38 38 20 38 38 40 38 0 38 38 38 24 38 5 7 35 31 32 44 18 15 6 2 
2 52 27 35 49 49 33 11 38 53 49 2 10 26 2 27 20 55 21 43 20 45 3 10 0 39 18 3 44 48 26 41 14 7 25 7 38 13 30 9 48 40 3 34 21 32 29 37 54 28 23 11 45 35 2 1 
14 14 14 46 57 47 9 14 26 50 14 14 36 0 5 30 27 46 51 23 51 16 21 16 57 15 14 6 4 23 5 44 52 54 5 29 9 43 32 50 49 39 13 7 52 48 54 27 10 28 46 15 38 45 35 31 16 
15 46 46 46 46 46 46 46 13 46 46 15 15 25 46 15 36 43 57 47 45 13 25 48 15 56 25 50 45 25 41 9 45 1 30 25 55 40 37 54 53 29 36 27 47 0 57 34 23 35 16 7 30 48 32 33 43 3 
39 30 39 39 39 54 39 33 39 39 39 39 39 39 39 39 39 39 39 24 27 39 20 27 39 2 39 39 39 52 39 39 6 39 39 54 39 39 0 39 27 21 26 54 33 58 56 51 43 37 23 36 22 21 18 8 14 7 4 
51 52 42 50 26 48 24 38 57 28 28 30 0 47 44 48 28 35 59 27 60 40 33 18 45 37 50 16 59 21 25 22 58 24 0 23 20 11 53 9 46 51 38 12 34 8 7 36 32 39 55 14 42 5 15 2 43 50 13 31 
16 47 12 42 47 5 52 59 36 36 36 7 16 58 36 27 4 36 52 42 52 56 7 13 43 30 5 7 3 25 3 4 25 33 60 0 5 13 45 57 34 3 24 48 1 22 60 14 36 46 41 49 39 6 30 55 8 26 20 17 2 
17 17 17 17 17 17 40 35 17 17 17 33 31 7 17 17 0 17 17 17 17 17 17 41 17 17 17 17 17 17 17 17 55 17 13 40 17 58 17 33 17 56 8 59 49 48 42 53 38 8 36 20 50 16 41 12 10 14 24 6 4 1 
61 3 0 3 3 3 3 3 42 61 9 3 3 3 3 61 61 61 61 61 61 61 61 61 61 28 61 61 27 37 61 61 61 61 61 61 61 61 24 61 61 44 61 62 44 42 53 53 37 49 10 49 11 30 30 60 51 39 29 1 3 37 26 
59 34 51 27 60 34 22 34 11 51 24 61 27 24 36 64 50 52 28 45 34 54 34 1 64 44 3 61 43 9 30 43 55 0 11 55 40 36 53 4 19 41 26 16 50 31 60 20 18 9 47 40 15 13 43 17 14 12 28 38 7 10 5 23 
53 21 53 22 33 23 42 53 53 11 2 17 53 63 37 34 59 53 53 45 19 49 51 61 53 53 17 53 53 12 19 38 20 41 11 52 32 24 60 42 5 57 10 24 27 41 6 32 60 47 4 35 0 47 58 43 33 1 49 52 14 30 7 16 15 
27 49 6 32 49 49 49 6 62 49 49 6 49 49 49 62 49 6 6 49 45 39 61 49 49 49 9 6 6 6 6 1 32 6 6 6 38 54 4 6 6 6 6 37 12 58 55 62 0 32 44 54 57 45 33 51 22 16 47 46 3 19 23 21 18 8 
48 48 37 48 48 10 48 48 57 15 48 48 48 48 48 38 35 48 48 48 48 48 48 48 48 48 48 48 48 31 48 48 48 48 10 23 9 10 48 48 48 48 48 48 48 48 15 0 10 18 67 7 10 16 67 59 62 59 6 52 50 51 36 30 17 3 16 
11 3 52 11 63 11 11 27 11 8 53 3 15 59 8 23 15 19 44 35 64 0 7 42 35 51 64 37 42 24 42 30 5 59 15 26 20 40 50 30 44 37 52 47 34 18 48 34 26 5 18 40 22 62 36 68 33 65 2 54 41 21 36 16 57 14 12 39 
56 5 23 45 44 29 48 38 23 34 23 45 47 47 20 44 42 44 34 65 45 45 0 38 44 7 44 45 42 62 20 60 54 48 36 26 56 28 49 30 10 68 55 35 5 6 23 47 59 24 41 40 39 17 8 19 33 32 46 15 31 1 22 21 50 12 4 20 2 
53 53 53 39 53 53 53 53 53 53 53 44 53 19 53 53 53 53 31 53 53 53 53 53 53 53 53 53 19 53 53 53 60 55 53 46 50 53 42 53 53 37 63 14 43 48 53 29 53 60 19 37 0 32 4 68 59 54 27 12 45 36 25 34 33 30 24 22 16 8 
23 23 23 23 23 58 23 23 23 23 23 31 23 23 23 23 23 12 23 23 23 18 0 23 23 23 33 23 23 27 23 23 18 23 23 31 12 23 49 45 23 23 23 23 12 23 31 31 18 37 31 36 12 18 12 65 58 65 63 63 30 61 6 61 22 54 54 52 50 40 39 
18 18 7 21 46 59 50 48 16 62 36 23 40 46 71 55 5 0 70 6 7 31 40 11 36 16 48 15 67 29 10 38 22 32 54 6 29 58 19 34 37 58 38 41 49 26 39 21 54 18 60 41 61 22 27 45 44 47 5 12 66 64 30 11 28 13 60 25 9 15 56 8 
34 15 15 2 42 42 9 54 70 34 58 13 29 42 18 42 9 0 42 40 53 63 9 26 73 42 67 73 34 26 70 61 49 28 46 63 49 65 70 62 46 2 64 67 68 38 55 50 23 52 69 39 51 11 27 47 43 21 35 33 7 61 17 10 54 22 12 20 62 44 8 1 30 
72 72 72 72 72 72 66 72 72 72 43 39 72 72 72 29 72 47 72 47 72 73 72 66 49 72 64 61 73 72 28 72 72 54 72 72 72 72 61 50 11 72 72 24 72 72 39 72 41 19 73 43 49 66 71 62 59 40 44 27 34 31 25 17 22 72 20 12 7 4 16 0 18 2 
23 15 72 23 15 23 23 15 15 34 15 15 15 15 23 15 15 15 74 15 15 42 0 15 15 15 15 15 15 15 15 67 62 3 15 15 15 15 15 15 15 67 15 15 3 15 48 69 15 15 15 15 15 15 15 15 15 15 3 73 71 19 70 47 33 32 34 10 45 46 11 15 2 22 5 
36 37 37 72 3 50 3 49 68 49 25 25 49 32 19 0 22 15 3 1 65 41 6 26 61 30 67 54 41 6 55 47 17 43 26 35 16 43 20 74 56 71 9 63 60 64 25 62 18 38 57 54 36 76 17 4 1 31 53 39 46 39 45 13 14 34 58 52 28 21 55 75 12 27 45 65 
65 44 45 60 65 53 23 40 56 45 60 45 12 65 6 48 71 13 37 73 13 9 62 25 13 64 56 43 56 62 41 63 5 38 50 23 35 37 17 25 48 61 33 49 14 23 4 42 7 56 33 22 76 77 32 6 74 2 55 59 39 19 23 22 0 34 31 28 26 20 4 16 58 15 11 40 8 
39 39 10 39 39 39 10 44 8 0 39 10 8 39 10 10 73 10 10 46 39 10 10 45 10 73 17 17 27 10 35 55 55 55 27 71 55 70 55 69 55 35 39 39 67 42 39 39 44 8 67 42 72 68 10 63 28 40 38 36 31 29 57 24 21 14 8 20 26 13 9 6 45 11 5 4 2 1 
32 32 32 32 32 32 32 57 32 32 32 32 32 32 57 32 32 32 32 32 57 32 32 32 57 68 32 32 75 32 32 0 32 32 32 76 32 32 76 32 32 32 32 36 36 32 32 32 32 32 70 45 32 32 32 29 40 52 32 57 74 71 56 51 44 58 39 57 26 8 21 25 18 15 66 68 9 5 3 
69 36 37 69 54 69 32 80 18 45 9 57 56 47 20 77 58 45 20 3 15 58 17 62 74 58 7 74 38 56 24 36 80 43 78 34 47 68 34 50 44 60 8 56 27 34 6 13 74 60 32 27 35 77 18 49 42 15 79 70 71 41 72 53 29 12 24 48 5 9 26 17 11 63 10 2 0 40 16 67 
64 64 8 26 48 61 36 5 64 38 58 38 30 38 48 43 43 48 34 69 4 5 34 5 8 61 55 71 80 50 43 80 54 37 45 9 49 21 37 7 40 50 71 58 40 63 13 38 80 11 36 13 55 41 47 35 77 20 30 76 46 56 9 0 75 73 62 59 34 42 8 39 33 29 27 23 19 17 16 43 3 
61 61 61 79 61 61 61 28 61 29 61 63 4 61 61 61 61 45 61 28 61 61 61 61 61 61 61 61 51 45 51 41 41 61 28 40 63 61 61 28 28 67 82 67 63 33 33 72 80 46 18 78 44 32 77 57 31 54 53 50 0 48 40 43 12 39 13 38 21 19 15 65 14 6 5 3 30 20 24 8 2 10 
40 40 40 40 40 40 40 34 40 40 40 40 40 40 40 40 40 40 8 40 40 40 25 40 40 60 35 74 34 40 8 40 40 60 40 40 40 40 74 0 40 40 40 77 19 40 45 40 28 69 26 40 60 40 40 40 35 60 34 35 8 45 77 28 26 83 71 51 53 16 70 49 44 47 39 31 50 29 27 21 13 10 23 
51 23 50 82 58 58 18 42 32 41 32 28 10 16 80 32 15 26 16 44 16 78 51 16 71 58 53 60 53 25 47 42 53 53 57 78 78 39 31 71 22 18 57 64 81 82 44 39 47 70 0 62 73 50 31 61 61 46 10 30 63 65 28 15 35 35 84 69 43 77 48 52 16 40 38 20 2 34 17 81 59 54 13 12 
14 78 73 9 73 45 30 73 45 32 78 63 32 15 52 9 47 17 70 46 63 63 81 23 75 63 20 43 67 50 53 72 19 4 20 43 43 1 62 43 28 28 20 28 78 12 38 28 50 28 50 62 64 50 16 74 7 7 15 38 74 71 32 34 77 55 56 7 33 18 9 73 0 23 39 31 11 79 68 29 47 25 24 6 2 
70 25 27 27 27 27 25 27 27 27 21 84 21 27 27 27 27 27 59 27 27 21 27 27 21 27 0 27 54 86 62 52 27 85 27 27 27 27 81 57 56 22 27 27 27 25 55 80 56 85 78 80 80 86 13 84 8 81 21 83 42 84 74 66 61 32 47 40 39 62 34 31 30 29 19 12 7 11 4 59 51 3 1 2 41 53 
4 83 4 0 4 4 4 26 4 16 4 16 4 16 16 4 16 26 4 4 4 18 4 4 4 16 4 4 4 4 82 26 4 79 4 4 26 4 26 4 4 4 4 4 4 81 4 4 69 4 4 4 16 16 16 81 46 70 39 46 66 83 82 79 85 22 49 78 10 46 75 67 61 60 34 37 32 31 8 17 8 70 39 15 2 14 12 
35 39 47 47 11 17 17 31 31 65 42 31 5 2 56 41 37 28 31 33 80 31 70 31 85 56 54 41 15 35 47 78 48 35 43 39 40 39 1 63 25 28 71 39 82 88 0 5 32 39 14 84 14 45 63 19 86 84 79 21 77 42 58 45 33 73 72 57 46 21 78 81 23 20 18 79 6 15 61 76 49 10 16 53 70 27 7 13 
19 53 80 55 55 21 21 54 21 20 21 47 21 15 37 21 12 34 83 14 58 21 39 83 76 51 76 71 43 53 71 82 12 26 60 34 40 55 19 74 61 48 53 29 34 86 71 2 39 69 60 38 23 53 67 23 82 0 8 17 1 18 70 59 44 42 62 77 85 3 76 41 86 13 32 89 50 68 30 53 24 78 73 10 84 52 5 4 21 
12 12 65 12 65 68 83 65 68 75 12 0 12 12 12 12 68 12 12 78 12 68 12 12 12 12 68 68 68 12 12 79 12 12 12 12 65 83 65 65 79 32 65 20 65 85 65 68 57 78 38 80 70 55 64 10 68 64 28 22 44 74 71 9 12 60 59 65 54 44 17 53 52 6 38 46 42 81 83 82 32 7 57 41 56 29 27 8 5 3 
70 70 70 70 70 70 70 70 73 70 70 70 72 70 13 70 72 70 37 70 70 70 72 70 9 70 70 70 70 70 76 70 66 70 70 70 46 69 70 89 70 70 37 70 70 70 70 87 70 52 70 43 70 70 70 70 70 70 70 70 70 65 50 70 38 40 70 70 9 0 70 70 76 72 72 89 89 88 85 81 33 63 62 48 31 25 15 23 13 19 17 
69 56 86 2 17 77 26 21 68 57 65 83 71 84 17 71 25 80 44 83 6 40 21 40 54 0 21 10 24 67 73 74 47 74 74 25 17 51 5 76 47 80 24 41 1 31 60 3 84 14 89 4 62 74 61 14 3 10 60 61 68 4 67 19 30 30 33 28 51 65 26 81 1 8 79 80 12 64 11 5 9 55 71 46 48 62 38 29 24 22 18 15 
63 60 27 83 86 63 60 14 63 63 29 63 23 35 27 27 51 27 4 54 80 65 69 91 81 65 63 19 41 67 51 79 20 56 36 70 73 64 50 26 3 34 37 66 4 24 88 88 88 81 30 86 71 23 68 64 71 68 85 21 78 79 0 26 62 34 54 33 60 39 11 77 13 55 53 48 84 46 51 14 18 47 66 5 43 28 38 16 22 17 8 7 2 
17 17 83 83 17 17 17 21 17 17 17 79 17 17 17 17 0 17 91 17 79 85 17 49 64 17 17 1 1 1 1 83 1 52 71 58 76 61 1 56 1 1 1 49 59 54 1 44 58 1 1 75 1 88 1 84 1 1 71 83 80 83 8 45 88 84 80 94 90 73 83 48 36 46 1 86 40 38 71 86 25 22 1 91 37 24 19 8 12 35 34 4 3 32 
69 69 69 69 81 69 69 69 69 84 69 69 69 85 72 69 84 69 69 69 69 57 69 84 69 69 69 69 69 69 69 69 69 5 84 69 69 69 69 69 67 83 69 69 69 69 62 69 69 69 42 69 69 69 69 69 60 69 69 84 69 79 35 69 24 69 22 69 0 69 84 34 17 83 81 22 89 88 83 73 94 65 84 69 79 63 51 10 7 47 41 15 14 85 11 
49 71 49 66 38 14 42 55 38 61 49 68 80 87 61 71 19 19 61 26 19 67 72 66 88 63 7 70 82 93 25 23 74 80 19 73 14 11 20 96 45 75 69 48 55 68 23 25 84 85 16 73 81 79 51 29 47 28 83 77 56 65 94 76 43 7 35 24 20 57 58 93 74 78 67 8 40 34 37 41 13 38 2 0 4 64 52 46 48 59 44 31 89 6 12 20 
27 55 55 27 55 36 8 15 55 75 55 55 75 4 24 55 4 60 55 39 64 97 84 55 54 48 78 47 55 55 66 55 96 56 44 73 4 8 75 37 7 78 86 56 43 78 69 68 78 71 70 56 73 31 0 71 35 97 79 40 75 86 10 10 36 6 84 45 21 14 60 28 34 88 79 20 82 94 65 72 57 26 51 13 33 58 76 25 23 22 7 18 17 91 1 3 87 
23 23 24 23 23 23 23 23 23 23 47 23 47 59 36 90 23 23 23 23 24 23 0 23 23 23 23 23 23 90 14 23 23 23 24 58 30 70 23 23 69 23 13 66 13 68 24 64 52 89 23 50 23 23 23 23 23 14 35 23 23 44 13 45 23 37 16 11 67 15 24 47 41 63 35 89 37 95 92 85 82 38 73 62 31 49 48 46 3 63 43 21 40 32 6 18 17 12 
84 84 84 84 84 84 84 84 20 84 79 84 84 15 42 84 84 84 84 98 98 84 84 84 14 84 84 84 84 84 84 84 84 84 67 9 84 84 84 84 66 84 84 84 84 84 84 36 21 84 84 84 84 84 84 84 84 84 84 84 84 84 42 84 84 42 97 84 84 84 63 84 84 42 98 9 49 9 77 97 77 38 88 0 88 13 95 25 92 86 82 5 71 41 4 35 48 15 11 
28 34 46 67 29 9 88 4 40 73 74 86 69 51 51 17 51 32 79 17 46 31 91 88 81 67 4 43 11 50 60 42 29 0 93 89 23 50 83 55 40 1 75 94 42 13 18 49 44 53 12 46 59 49 83 85 89 77 31 93 97 70 33 96 25 4 19 64 17 80 61 57 34 78 6 73 65 50 88 75 63 48 37 45 5 76 41 52 54 39 25 30 66 18 22 94 36 8 7 3 
