1
10 
1
3097 
1
10 
1
40996 
1
109 
2
-10 10 
2
-10 10 
0

2
-10 10 
1
10 
2
-10 10 
1
-11 
2
-10 10 
0

1
766666 
1
10 
2
-10 10 
1
12 
1
709993 
1
-11 
1
-12 
1
27664 
1
10 
0

0

1
-17 
1
3222 
1
109 
2
-10 10 
1
10 
2
-48 46 
1
20999998 
1
24331 
2
-26 21 
1
766 
1
5099995 
1
43 
0

1
10 
1
10 
1
24 
1
10 
1
109999 
1
19 
1
37 
2
-10 10 
2
-10 10 
1
-11 
1
-17 
1
19 
2
-48 46 
2
-11 10 
1
10 
2
-10 10 
0

1
10999999 
1
14332 
0

1
10 
1
16 
0

0

1
-11 
1
10 
1
10 
1
10 
2
-10 10 
1
1099999 
1
40999996 
1
9888888 
1
10 
0

1
10 
1
2433331 
2
-10 10 
1
1099999 
2
-10 10 
1
-27 
2
-10 10 
1
10 
1
-11 
1
4333 
1
10 
1
1099999 
2
-48 46 
2
-10 10 
0

1
10 
1
10 
2
-10 10 
2
-10 10 
1
20999998 
0

0

1
10 
1
10 
0

1
-11 
1
82 
1
-8 
2
-10 10 
1
10 
1
20999998 
1
10 
2
-12 10 
2
-10 10 
2
-10 10 
0

1
10 
1
10 
0

1
16 
1
8777777 
1
10 
1
10 
0

2
-10 10 
2
-10 10 
2
-10 10 
2
-10 10 
1
-4184 
1
309997 
2
-10 10 
0

1
10 
1
-11 
1
10 
1
-111 
0

1
14332 
0

1
10 
1
4099996 
1
-11 
2
-10 10 
2
-10 10 
1
309997 
2
-12 10 
1
10 
0

1
8777777 
1
877 
2
-11 10 
2
-10 10 
1
10 
1
-11 
1
10 
1
-11 
0

0

2
-111 109 
1
82 
0

1
19 
2
-15 10 
1
87 
0

1
307 
1
-11 
1
1099999 
1
-11 
0

2
-10 10 
1
10 
0

1
-27 
1
14 
2
-10 10 
1
10 
0

0

0

1
10 
1
-11 
2
-10 10 
1
-11 
1
-11 
1
1099 
1
10 
0

1
10 
1
-11 
1
307 
0

0

1
-8 
1
10 
1
46 
1
91 
0

0

1
276664 
0

2
-13 10 
2
-10 10 
0

1
28 
1
-48 
1
76 
0

1
43 
1
2098 
0

1
10 
1
40999996 
1
2098 
1
10 
1
10 
1
20999998 
0

1
10 
1
10 
2
-10 10 
1
20999998 
1
-27 
1
10 
0

2
-16 10 
0

1
10 
1
90999991 
2
-10 10 
1
-11 
0

1
176665 
1
10 
0

2
-10 10 
1
10 
2
-10 10 
2
-11 10 
1
98 
0

2
-10 10 
1
43 
2
-10 10 
2
-11 10 
1
3097 
1
37 
1
10 
1
13 
0

1
80999992 
1
32222 
2
-10 10 
2
-10 10 
1
27666664 
1
-35 
2
-10 10 
1
-11 
2
-10 10 
1
19 
2
-10 10 
2
-10 10 
2
-48 46 
1
109999 
1
-11 
1
142 
1
671428 
0

1
10 
1
10 
1
1099 
0

0

1
10 
0

1
30997 
1
-35 
1
10 
1
-12 
1
1099999 
1
7666666 
1
43 
1
2431 
1
544444 
1
10 
1
10 
1
109 
1
10 
0

2
-1101 1099 
1
10 
1
-16 
2
-10 10 
1
7666 
1
-11 
2
-111 109 
2
-10 10 
1
5099995 
1
9 
1
208 
2
-10 10 
2
-10 10 
1
10 
2
-11 10 
1
-11 
1
175 
0

1
9888888 
0

2
-10 10 
2
-10 10 
0

1
802 
1
109999 
0

1
19 
0

0

1
19 
1
-11 
2
-17 10 
2
-10 10 
0

1
10 
0

1
-11 
1
10 
2
-10 10 
1
26 
1
276664 
1
10 
2
-10 10 
1
7666666 
1
10 
1
10 
2
-111 109 
1
-11 
2
-10 10 
1
244 
1
10 
0

1
-11 
0

2
-10 10 
1
10 
1
19 
0

2
-111 109 
1
-11 
1
2099998 
0

1
10 
1
-11 
1
957142 
2
-10 10 
1
10999999 
1
10999999 
1
10 
1
10 
0

1
19 
0

1
25 
1
4096 
0

0

2
-26 26 
1
-23 
1
-11 
2
-48 46 
2
-10 10 
1
-11 
2
-10 10 
2
-10 10 
1
3097 
1
109 
1
-48 
1
24 
0

2
-10 10 
0

1
-11 
0

2
-10 10 
0

1
10 
1
10 
1
-11 
1
10 
1
10 
0

1
10 
1
80999992 
1
43333 
0

0

1
10 
2
-111 109 
0

0

1
28 
1
10 
1
10 
2
-10 10 
0

1
91 
1
91 
1
10 
1
-11 
0

1
1099999 
1
8092 
0

1
19 
1
-27 
1
10 
1
-17 
1
10999999 
0

1
19 
1
10 
2
-10 10 
0

1
10 
1
-11 
0

2
-10 10 
2
-10 10 
0

2
-10 10 
1
76666 
1
2111 
2
-10 10 
1
406 
1
-11 
1
98 
0

1
-111 
1
211111 
1
10 
2
-10 10 
1
10 
1
-11 
2
-10 10 
1
208 
1
10 
1
27666664 
2
-10 10 
1
6094 
0

1
10 
1
-11 
2
-11 10 
1
-4184 
1
10 
1
24 
0

1
-35 
2
-10 10 
0

1
21 
1
10 
1
10 
1
1432 
1
14333332 
2
-10 10 
2
-11 10 
0

1
-48 
1
10 
1
-11 
1
-11 
1
10 
1
10 
1
43333 
1
10999999 
2
-10 10 
1
43 
2
-10 10 
2
-10 10 
1
37 
0

1
10 
1
-11 
1
-11 
1
10 
1
37 
1
65 
1
10 
1
10 
2
-11 10 
1
10 
1
10 
1
-11 
1
-27 
1
10 
0

1
10 
2
-10 10 
1
10 
0

1
10 
1
2766664 
1
10 
1
-9 
2
-11 10 
2
-10 10 
2
-10 10 
1
10 
1
-11 
1
98 
1
98888 
0

0

0

0

2
-10 10 
2
-13 10 
1
26 
2
-10 10 
1
10999999 
1
10 
0

1
91 
1
1099 
1
-11 
1
10 
2
-10 10 
2
-26 21 
2
-10 10 
1
10 
1
12 
1
1099 
1
54444 
1
10 
0

1
10 
1
10 
1
19 
0

0

1
2099998 
1
-11 
1
16 
0

1
-11 
1
10 
1
-8 
2
-10 10 
0

0

1
10 
2
-10 10 
0

1
10 
1
-11 
2
-11 10 
0

1
211111 
0

1
-12 
2
-10 10 
1
109 
0

1
-11 
2
-10 10 
0

0

1
8092 
0

1
-11 
0

2
-26 26 
1
25 
0

1
14333332 
0

1
-35 
1
10 
1
10 
1
10 
2
-10 10 
0

1
10 
1
2099998 
2
-10 10 
1
2111111 
1
10 
1
-11 
1
10 
1
-11 
1
-11 
1
10 
1
528571 
1
409996 
1
1385713 
1
-11 
1
241 
2
-13 10 
1
-35 
0

1
90991 
2
-11 10 
2
-10 10 
1
20999998 
2
-10 10 
2
-10 10 
1
655 
1
242857 
1
109 
1
-11 
1
10 
1
109999 
1
4333333 
2
-10 10 
2
-10 10 
1
10 
1
16 
1
-11 
1
-11 
1
5444444 
2
-10 10 
1
10 
1
-9 
0

1
17666665 
1
406 
1
43 
0

1
4099996 
0

1
10 
1
1099999 
1
10 
0

2
-10 10 
1
-11 
2
-10 10 
1
1099 
1
-8 
1
91 
1
-11 
1
19 
2
-10 10 
1
-11 
2
-10 10 
1
-278 
2
-212 208 
0

1
10 
2
-10 10 
2
-11 10 
2
-10 10 
1
109 
0

1
-11 
1
10 
1
10 
1
-11 
2
-10 10 
1
46 
1
21111 
2
-10 10 
1
4099996 
1
12 
1
-11 
2
-10 10 
1
-11 
1
-11 
0

1
242857 
1
10 
1
10 
1
10 
2
-10 10 
2
-10 10 
1
10 
1
10 
1
243331 
1
1099999 
1
10 
2
-10 10 
1
4333333 
2
-10 10 
1
10999 
0

1
10 
0

1
1099999 
1
10 
0

2
-26 26 
2
-10 10 
0

2
-11 10 
1
4096 
1
274 
1
-11 
1
10 
1
-11 
1
-11 
2
-10 10 
1
82 
1
12 
1
-11 
1
-8 
1
-12 
1
-27 
1
-11 
1
509995 
1
877777 
0

2
-10 10 
2
-10 10 
1
-11 
2
-19 10 
1
1099 
1
10 
1
10 
2
-10 10 
2
-10 10 
1
10 
1
-11 
1
-11 
0

1
-11 
1
-11 
1
-11 
1
1099999 
1
10 
1
274 
1
1099999 
0

1
10 
1
505 
1
433 
2
-10 10 
1
10 
1
10999 
0

2
-10 10 
1
-8 
0

1
-11 
1
10 
0

1
-11 
2
-10 10 
1
-11 
1
43333 
1
8777777 
1
-35 
0

2
-10 10 
1
10 
0

0

1
-11 
2
-10 10 
1
2433331 
1
90999991 
0

1
60999994 
2
-10 10 
1
406 
1
-12 
1
509995 
0

1
20998 
1
19 
1
-11 
0

1
-11 
2
-10 10 
0

1
10 
2
-10 10 
1
4333 
1
10 
1
19 
1
-8 
1
1099 
1
-11 
1
-11 
2
-10 10 
1
-11 
1
109999 
1
242 
1
10 
1
10 
1
-11 
1
10 
0

1
-11 
1
10 
1
143332 
1
43 
1
10 
0

1
22 
1
109 
1
142 
1
10 
1
19 
1
7099993 
1
10 
1
10 
1
10 
0

1
1099999 
2
-10 10 
1
2766664 
1
10 
0

1
3222222 
1
10 
1
409996 
0

1
10 
2
-10 10 
1
10 
2
-10 10 
1
-11 
1
-11 
2
-10 10 
2
-10 10 
1
6555 
1
10999 
1
25 
0

1
10 
1
10 
1
10 
1
10 
1
19 
1
1099 
0

1
1099 
1
10 
1
10 
1
91 
1
109 
1
10 
1
1099999 
0

1
655555 
1
509995 
1
901 
1
76 
0

1
10 
2
-10 10 
1
20998 
2
-10 10 
2
-10 10 
2
-10 10 
2
-10 10 
1
-11 
1
-11 
2
-10 10 
1
8099992 
1
-11 
1
6099994 
1
-8 
0

1
19 
1
27666664 
1
10 
0

1
988 
1
10 
1
-35 
1
10 
0

1
10999 
1
10 
1
82 
0

1
10 
1
10 
1
322222 
1
91 
0

1
13 
1
10 
1
-8 
1
-11 
1
-11 
1
43 
0

1
82 
1
3099997 
1
7666666 
2
-10 10 
1
4 
1
3099997 
2
-13 10 
2
-10 10 
1
20998 
1
10 
1
10 
0

1
43 
0

1
10 
1
-11 
1
10 
1
10 
1
10 
1
27664 
1
-111 
1
274 
2
-10 10 
2
-19 10 
2
-111 109 
1
957142 
1
10 
2
-10 10 
0

1
24 
1
46 
1
109 
1
-11 
1
-17 
2
-111 109 
1
1099999 
1
70993 
2
-10 10 
1
10 
0

2
-10 10 
1
-11 
0

1
-9 
1
7 
2
-11 10 
1
10 
1
10 
0

1
10 
1
10 
1
10 
1
91 
1
10 
2
-11 10 
1
509995 
2
-11 10 
1
19 
1
54 
2
-10 10 
1
10 
2
-1101 1099 
1
-17 
1
10 
1
10 
1
5444444 
1
10 
1
766 
1
544444 
2
-10 10 
1
10 
2
-10 10 
2
-10 10 
1
-27 
2
-11 10 
2
-10 10 
2
-10 10 
1
-12 
1
10 
0

0

0

1
-11 
1
10 
2
-14 10 
2
-10 10 
1
-11 
1
10 
1
10 
1
19 
1
244 
2
-10 10 
0

2
-10 10 
0

1
-11 
2
-48 46 
1
-11 
1
1099999 
1
37 
0

1
544444 
1
4 
0

1
-11 
2
-10 10 
1
10 
0

0

1
-11 
1
-11 
2
-10 10 
1
70999993 
0

1
26 
1
10 
1
10 
0

