459685567459
2 1
3 4
8 10
5 6
9 7

131460479083
2 3
7 10
5 4
6 1
8 9

358645679704
1 9
7 5
4 10
2 3
8 6

24151612734
1 3
2 6
5 4

8460665031
2 1

5255029603
1 3
4 2

443549541568
8 6
1 2
7 4
9 5
10 3

15028872160
3 4
2 1

36714863870
3 10
5 7
8 4
1 2
9 6

337196408279
9 4
8 7
1 5
2 3
10 6

662914221286
9 1
6 8
4 3
10 2
5 7

554060332997
1 3
5 7
6 8
10 2
4 9

8986380467
2 1

29851797449
9 1
10 3
4 8
7 5
2 6

521322744339
10 3
9 1
6 4
8 2
7 5

552143698777
8 7
10 3
6 2
4 1
9 5

428522620245
5 1
3 8
2 6
10 4
7 9

29077897096
5 8
3 6
1 2
4 7

390754648634
1 3
9 6
4 10
5 2
8 7

376040031844
7 1
6 10
9 8
5 3
4 2

