4
0 964 0 599
5
859 0 0 0 253
5
0 0 760 0 418
3
19 0 940
5
0 0 72 0 542
3
939 0 506
4
0 890 0 597
4
0 980 0 941
3
194 0 611
3
908 0 836
5
0 0 479 0 330
4
0 743 0 554
1
585
3
440 0 500
3
700 0 327
5
415 0 0 0 168
5
0 0 601 0 794
3
376 0 953
4
0 816 0 538
3
249 0 640
2
0 352
5
0 0 40 0 381
4
0 432 0 32
3
297 0 825
5
888 0 0 0 270
3
432 0 167
5
0 0 147 0 807
5
0 0 984 0 296
5
0 0 230 0 259
5
236 0 0 0 444
4
0 155 0 715
5
12 0 0 0 587
5
476 0 0 0 564
4
0 938 0 821
3
805 0 321
5
941 0 0 0 312
5
0 0 894 0 186
3
 0 0 635
5
923 0 0 0 638
5
0 0 757 0 455
3
681 0 954
5
578 0 0 0 439
2
0 109
5
0 0 845 0 150
3
183 0 494
4
0 572 0 873
5
0 0 941 0 394
5
0 0 848 0 381
3
941 0 788
5
599 0 0 0 55
