15
0 1
1 2
2 3
2 4
2 5
3 6
4 7
5 8
3 9
4 10
5 11
3 12
4 13
5 14

50
0 1
1 2
1 3
2 4
3 5
4 6
5 7
4 8
5 9
6 10
7 11
8 12
9 13
6 14
7 15
8 16
9 17
6 18
7 19
8 20
9 21
10 22
11 23
12 24
13 25
14 26
15 27
16 28
17 29
18 30
19 31
20 32
21 33
10 34
11 35
12 36
13 37
14 38
15 39
16 40
17 41
18 42
19 43
20 44
21 45
10 46
11 47
12 48
13 49

100
0 1
1 2
2 3
3 4
3 5
3 6
3 7
4 8
5 9
6 10
7 11
4 12
5 13
6 14
7 15
4 16
5 17
6 18
8 19
9 20
10 21
11 22
12 23
13 24
14 25
15 26
16 27
17 28
18 29
8 30
9 31
10 32
11 33
12 34
13 35
14 36
15 37
16 38
17 39
18 40
19 41
20 42
21 43
22 44
23 45
24 46
25 47
26 48
27 49
28 50
29 51
30 52
31 53
32 54
33 55
34 56
35 57
36 58
37 59
38 60
39 61
40 62
19 63
20 64
21 65
22 66
23 67
24 68
25 69
26 70
27 71
28 72
29 73
30 74
31 75
32 76
33 77
34 78
35 79
36 80
37 81
38 82
39 83
40 84
19 85
20 86
21 87
22 88
23 89
24 90
25 91
26 92
27 93
28 94
29 95
30 96
31 97
32 98
33 99

