3

10 10
8 8 8 8 8 8 8 0 0 0
8 8 8 8 8 8 8 0 0 0
8 8 8 8 8 8 8 0 0 0
8 8 8 8 8 8 8 0 0 0
8 8 8 18 18 18 18 10 10 10
8 8 8 18 18 18 18 10 10 10
0 0 0 10 10 10 10 10 10 10
0 0 0 10 10 10 10 10 10 10
0 0 0 10 10 10 10 10 10 10
0 0 0 10 10 10 10 10 10 10

10 20
100 0 0 0 0 0 0 0 0 0 0 0 0 0 0 0 0 0 0 0
1 1 1 1 1 1 1 1 1 1 1 1 1 1 1 1 1 1 1 1
1 1 1 1 21 21 21 21 21 21 1 1 1 1 1 1 1 1 1 1
0 0 0 0 20 10 10 10 20 20 0 0 0 0 0 0 0 0 0 0
0 0 0 0 20 10 10 10 20 20 0 0 0 0 0 0 0 0 0 0
0 0 0 0 20 20 20 20 20 20 0 0 0 0 0 0 0 0 0 0
0 0 0 0 20 20 20 20 20 20 0 3 3 3 0 0 0 0 0 0
0 0 0 0 0 0 0 0 0 0 0 3 3 3 0 0 0 0 0 0
0 0 0 0 0 0 0 0 0 0 0 3 3 3 0 0 0 0 0 0
0 0 0 0 0 0 0 0 0 0 0 3 3 3 0 0 0 0 0 0

20 20
100 100 100 100 100 100 100 100 100 100 100 100 100 100 100 100 100 100 100 100
114 114 114 114 114 114 114 114 100 100 100 100 100 100 100 100 100 100 100 100
114 114 114 114 114 114 114 114 100 100 100 100 100 100 100 100 100 100 100 100
114 114 114 114 114 114 114 114 100 100 100 100 100 100 100 100 100 100 100 100
114 114 114 114 64 64 64 64 50 50 50 50 50 50 50 100 100 100 100 100
114 114 114 114 64 64 64 64 50 50 50 50 50 50 50 100 100 100 100 100
114 114 114 114 64 64 64 64 50 50 50 50 50 50 50 100 100 100 100 100
100 100 107 108 58 58 58 58 58 58 58 58 58 58 58 108 101 101 100 100
142 142 149 149 99 99 99 99 99 99 99 99 99 99 99 149 142 142 142 100
100 100 107 107 57 57 57 57 57 57 57 57 57 57 57 107 100 100 100 100
100 100 107 107 57 57 57 57 57 57 57 57 57 57 57 107 100 100 100 100
100 100 107 107 57 57 57 57 57 57 57 57 57 57 57 107 100 100 100 100
100 100 107 107 57 57 57 57 57 57 57 57 57 57 57 107 100 100 100 100
100 100 107 107 57 57 57 57 57 57 57 57 57 57 57 107 100 100 100 100
100 100 107 107 57 57 57 57 57 57 57 57 57 57 57 107 100 100 100 100
100 100 107 107 107 107 107 107 107 107 107 107 107 107 107 107 100 100 100 100
100 100 107 107 107 107 107 107 107 107 107 107 107 107 107 107 100 100 100 100
100 100 107 107 107 107 107 107 107 107 107 107 107 107 107 107 100 113 113 113
100 100 107 107 107 107 107 107 107 107 107 107 107 107 107 107 100 113 113 113
100 100 100 100 100 100 100 100 100 100 100 100 100 100 100 100 100 100 100 100

