16
1 1 4 4 100 
1 1 4 4 100 
1 1 4 4 100 
1 1 4 4 100 
1 1 4 4 100 
1 1 4 4 100 
1 1 4 4 100 
1 1 4 4 100 
1 1 4 4 100 
1 1 4 4 100 
2 1 4 4 10 
4 1 4 4 4 
2 1 2 3 -4 
1 2 1 4 3 
3 4 4 4 2 
2 1 4 1 -1 

14
1 1 6 6 100 
1 1 6 6 5 
1 1 3 3 -3 
4 4 6 6 3 
1 1 1 5 -1 
1 3 6 3 1 
4 1 4 5 -1 
1 1 5 1 -1 
3 1 3 6 1 
1 4 5 4 -1 
2 6 6 6 1 
6 2 6 6 1 
4 6 4 6 -1 
6 4 6 4 -1 

16
1 2 1 2 10 
1 4 1 4 10 
1 6 1 6 10 
1 8 1 8 10 
1 10 1 10 10 
2 1 2 1 10 
2 3 2 3 10 
2 5 2 5 10 
2 7 2 7 10 
2 9 2 9 10 
3 2 3 2 10 
3 4 3 4 10 
3 6 3 6 10 
3 8 3 8 10 
3 10 3 10 10 
4 1 4 1 10 

16
1 1 10 10 50 
8 2 10 6 24 
7 3 9 4 -43 
3 1 3 6 23 
5 8 5 10 42 
4 1 4 3 -24 
6 1 7 1 34 
1 5 1 8 33 
1 6 1 6 -69 
2 7 2 8 -32 
8 4 8 4 61 
9 10 10 10 -31 
4 6 7 6 -22 
7 8 10 8 -23 
2 6 2 6 44 
7 7 7 7 43 

