20
37 80 82 210 217 218 306 437 465 504 513 595 605 630 651 719 781 816 950 953 
50
21 31 48 55 79 83 112 151 152 156 213 246 263 266 276 320 327 335 343 348 379 383 401 409 415 442 443 539 547 560 601 612 621 641 642 704 705 734 750 763 799 811 815 828 829 855 874 943 944 957 
50
97 212 236 242 247 391 501 628 887 1087 1331 1505 1530 1626 1835 1928 1961 2002 2194 2204 2282 2321 2353 2481 2522 2558 2583 2812 2942 3360 3363 3489 3629 3672 3697 3949 4018 4123 4195 4196 4228 4384 4581 4644 4789 4821 4841 4946 4973 4997 
50
258 299 300 362 726 730 742 817 1134 1192 1299 1342 1361 1476 1612 1917 1932 1938 1992 2187 2658 2804 2875 2921 2962 3016 3039 3056 3077 3132 3178 3295 3440 3482 3695 3898 3946 3964 4028 4091 4282 4462 4480 4542 4567 4602 4781 4928 4960 4986 
55
48 115 263 285 329 741 840 850 896 967 1108 1125 1165 1225 1443 1485 1486 1526 1592 1617 1636 1655 1664 1701 2358 2449 2491 2536 2561 2619 2693 2902 3125 3184 3204 3299 3450 3515 3540 3544 3797 3842 3860 3907 4138 4233 4245 4287 4363 4447 4493 4720 4727 4753 4771 
