3

5 5
26 22 90 90 32 
79 6 99 89 82 
19 90 90 90 59 
48 1 43 16 20 
9 53 41 78 58 

6 7
1 2 3 4 5 6 7
14 13 12 11 10 9 8
15 16 17 18 19 20 21
28 27 26 23 24 23 22
29 30 31 32 33 34 35
42 41 40 39 38 37 36

20 20
2 67 21 100 70 57 63 99 95 59 40 34 8 87 85 78 62 48 56 50 
32 37 75 97 28 77 32 20 61 51 16 57 84 50 69 67 16 28 39 44 
23 77 54 69 90 4 36 73 97 4 50 28 77 91 66 60 87 39 100 40 
37 18 50 4 81 46 71 8 67 15 76 25 12 51 81 46 62 36 99 59 
79 76 81 72 75 14 26 89 73 32 79 55 86 46 20 66 30 45 55 5 
69 85 15 73 62 16 41 70 67 43 19 12 92 81 53 97 91 5 52 35 
52 3 5 81 56 10 87 63 9 99 27 97 50 22 70 91 12 71 78 32 
57 70 66 29 100 12 74 19 6 50 62 88 47 20 24 66 7 97 83 55 
93 65 88 93 71 64 23 94 11 22 73 12 71 21 63 46 73 24 9 56 
31 63 19 89 9 95 8 13 83 12 35 100 89 77 94 5 80 14 63 39 
14 7 69 69 44 6 36 29 3 87 47 74 61 85 97 7 68 19 71 37 
56 69 58 18 82 34 25 100 16 18 26 4 28 61 64 7 30 85 20 64 
42 56 24 79 21 75 59 66 85 32 13 22 48 9 52 6 3 7 71 37 
34 42 19 43 75 1 34 57 13 40 82 28 4 48 59 67 53 21 19 16 
26 80 69 1 72 66 50 30 100 37 46 63 67 90 12 50 74 15 81 25 
21 9 16 29 81 24 43 32 47 94 76 80 37 93 4 72 37 79 26 37 
55 60 86 5 36 71 89 79 21 94 59 21 39 94 54 84 71 56 51 91 
19 85 62 28 95 11 95 42 23 15 56 25 73 72 27 46 64 61 6 58 
14 74 65 38 36 73 22 61 48 29 57 54 90 57 97 49 66 31 81 94 
67 67 72 81 84 67 52 13 10 89 91 92 64 44 84 21 13 38 79 69 
