2542132
2538462
2513137
2536302
2544496
2528396
2566560
2651280
2607856
2531279
2553022
2556441
2561320
2530321
2535860
2540710
2518258
2591004
2570858
2546354
2548912
2522460
2556631
2576996
2556376
2591431
2597539
2522017
2488627
2581094
2539131
2600502
2512543
2579788
2561503
2526314
2556429
2518442
2577314
2572113
2558178
2524084
2565118
2543187
2552812
2586269
2564556
2522352
2562282
2515877
2581485
2518610
2556224
2574643
2594730
2559520
2548268
2500664
2503570
2561633
2526036
2507756
2522132
2574407
2496271
2531225
2577209
2518435
2497872
2549100