30
34 8
6 1
9 2
10 8
9 16 9 20 10 19 10 20 
50 7
8 5
9 7
10 9
15 7 18 6 5 3 16 
19 9
1 1
7 9
8 10
1 6 5 15 5 16 2 5 14 
67 10
8 2
9 8
10 9
9 11 18 2 17 14 12 16 9 3 
40 10
1 4
3 5
9 10
12 7 4 13 5 5 10 8 14 2 
46 12
8 1
9 5
10 6
3 14 4 9 4 10 8 4 17 9 2 17 
37 6
3 5
6 9
7 10
13 8 5 5 3 2 
43 6
2 6
8 8
9 9
6 4 8 15 4 13 
66 9
2 8
7 9
9 10
4 1 5 13 14 7 17 11 13 
36 6
2 3
5 5
6 8
8 5 10 3 3 1 
51 11
7 1
8 7
10 9
20 6 9 20 5 20 14 1 1 20 10 
78 11
6 6
9 9
10 10
4 17 3 13 5 14 13 9 15 20 4 
69 11
2 4
7 7
10 10
14 7 11 9 19 7 13 19 14 8 15 
19 11
8 1
9 2
10 5
8 8 10 10 9 18 8 14 9 14 6 
34 7
4 3
6 8
9 9
11 2 17 17 11 1 18 
22 6
2 4
9 8
10 10
13 9 14 10 15 19 
77 12
2 5
7 9
8 10
10 6 7 16 16 11 1 12 15 1 13 6 
30 8
5 4
9 7
10 10
11 4 8 4 17 20 12 6 
96 12
2 3
6 8
8 10
7 7 15 3 7 9 7 9 16 3 13 13 
66 11
3 5
9 8
10 10
14 4 7 10 11 19 9 6 8 3 3 
41 6
2 6
5 8
9 9
2 10 16 10 8 5 
53 8
6 7
7 9
8 10
2 2 1 3 4 13 11 5 
69 10
1 5
8 6
9 9
13 6 4 10 8 2 11 15 13 17 
59 9
4 4
8 9
9 10
6 18 10 9 9 12 14 16 4 
47 10
4 3
6 4
10 6
17 16 9 15 3 6 2 7 11 1 
72 10
2 7
8 9
9 10
8 2 7 16 7 2 6 1 1 17 
58 12
5 4
9 9
10 10
4 10 15 16 7 18 19 5 12 1 17 8 
52 9
1 6
4 9
10 10
18 9 17 9 17 8 15 10 4 
46 7
4 7
9 9
10 10
11 1 17 16 16 18 9 
73 11
6 4
9 9
10 10
15 12 8 16 7 9 12 7 4 14 20 
