100
2 2
1 3
3 4
3 5
1 6
6 7
3 8
8 9
1 10
8 11
9 12
5 13
2 14
5 15
13 16
12 17
15 18
3 19
2 20
20 21
4 22
14 23
17 24
1 25
18 26
13 27
26 28
12 29
27 30
3 31
8 32
10 33
2 34
12 35
32 36
30 37
19 38
34 39
22 40
16 41
41 42
29 43
13 44
44 45
16 46
12 47
1 48
14 49
39 50
51 51
40 52
48 53
51 54
30 55
19 56
51 57
12 58
3 59
42 60
32 61
58 62
54 63
50 64
45 65
32 66
29 67
27 68
54 69
41 70
4 71
25 72
40 73
3 74
22 75
3 76
73 77
13 78
61 79
75 80
19 81
60 82
52 83
43 84
68 85
51 86
17 87
73 88
29 89
16 90
7 91
79 92
73 93
89 94
92 95
38 96
39 97
42 98
62 99
56 100
