100
1 2
1 3
2 4
2 5
1 6
2 7
1 8
3 9
3 10
2 11
2 12
2 13
3 14
2 15
1 16
3 17
4 18
2 19
3 20
2 21
6 22
6 23
1 24
6 25
3 26
6 27
3 28
1 29
2 30
4 31
5 32
1 33
7 34
4 35
10 36
2 37
6 38
2 39
2 40
1 41
2 42
6 43
7 44
7 45
6 46
1 47
10 48
12 49
10 50
1 51
8 52
5 53
12 54
5 55
10 56
10 57
10 58
14 59
6 60
13 61
2 62
1 63
3 64
10 65
4 66
16 67
8 68
1 69
6 70
1 71
1 72
10 73
19 74
8 75
17 76
12 77
19 78
6 79
3 80
15 81
13 82
14 83
14 84
4 85
17 86
15 87
3 88
17 89
14 90
7 91
18 92
8 93
23 94
10 95
25 96
23 97
17 98
1 99
14 100
