10000
1 2
1 3
1 4
1 5
3 6
3 7
4 8
2 9
5 10
3 11
5 12
11 13
5 14
12 15
13 16
2 17
4 18
11 19
3 20
10 21
19 22
16 23
17 24
24 25
26 26
22 27
28 28
16 29
2 30
27 31
3 32
3 33
12 34
23 35
15 36
34 37
3 38
7 39
14 40
14 41
34 42
12 43
15 44
40 45
43 46
32 47
39 48
44 49
10 50
9 51
29 52
41 53
15 54
46 55
24 56
27 57
32 58
58 59
27 60
51 61
3 62
18 63
42 64
14 65
46 66
12 67
21 68
55 69
35 70
12 71
70 72
33 73
16 74
50 75
18 76
48 77
37 78
22 79
44 80
56 81
36 82
53 83
53 84
7 85
9 86
79 87
43 88
66 89
38 90
67 91
8 92
85 93
94 94
61 95
27 96
46 97
21 98
77 99
43 100
42 101
25 102
85 103
21 104
103 105
40 106
62 107
69 108
95 109
98 110
70 111
72 112
82 113
9 114
77 115
83 116
115 117
118 118
85 119
17 120
106 121
2 122
97 123
101 124
67 125
83 126
80 127
50 128
40 129
10 130
5 131
53 132
66 133
120 134
113 135
64 136
22 137
59 138
53 139
12 140
119 141
22 142
68 143
84 144
132 145
37 146
82 147
69 148
1 149
119 150
61 151
142 152
107 153
95 154
101 155
154 156
119 157
18 158
42 159
33 160
48 161
87 162
120 163
67 164
150 165
162 166
6 167
96 168
61 169
56 170
34 171
112 172
109 173
160 174
25 175
71 176
36 177
1 178
78 179
148 180
35 181
172 182
114 183
54 184
106 185
100 186
108 187
51 188
185 189
148 190
174 191
88 192
113 193
70 194
179 195
101 196
168 197
149 198
20 199
78 200
50 201
156 202
45 203
68 204
26 205
71 206
52 207
196 208
141 209
182 210
11 211
79 212
64 213
56 214
9 215
210 216
174 217
43 218
149 219
180 220
216 221
73 222
221 223
212 224
131 225
102 226
217 227
82 228
120 229
121 230
12 231
10 232
137 233
196 234
8 235
85 236
62 237
181 238
92 239
150 240
18 241
17 242
219 243
146 244
170 245
98 246
50 247
200 248
60 249
16 250
65 251
152 252
89 253
147 254
236 255
152 256
195 257
244 258
52 259
143 260
38 261
54 262
208 263
247 264
179 265
143 266
185 267
255 268
210 269
193 270
260 271
59 272
205 273
81 274
130 275
223 276
7 277
207 278
208 279
270 280
239 281
257 282
116 283
282 284
147 285
240 286
270 287
75 288
177 289
4 290
162 291
244 292
118 293
257 294
44 295
275 296
20 297
61 298
3 299
131 300
35 301
242 302
126 303
242 304
54 305
240 306
280 307
41 308
95 309
232 310
138 311
104 312
54 313
206 314
51 315
146 316
149 317
308 318
71 319
316 320
169 321
143 322
169 323
298 324
61 325
309 326
69 327
124 328
108 329
248 330
188 331
180 332
269 333
221 334
318 335
12 336
33 337
182 338
179 339
99 340
213 341
12 342
90 343
270 344
310 345
344 346
71 347
123 348
322 349
145 350
15 351
300 352
249 353
336 354
159 355
33 356
94 357
125 358
220 359
28 360
28 361
239 362
257 363
261 364
82 365
123 366
221 367
317 368
83 369
10 370
23 371
303 372
114 373
133 374
129 375
162 376
172 377
310 378
55 379
156 380
139 381
316 382
103 383
49 384
91 385
70 386
76 387
199 388
90 389
387 390
24 391
89 392
387 393
314 394
91 395
126 396
118 397
64 398
179 399
45 400
148 401
318 402
59 403
269 404
64 405
369 406
399 407
405 408
386 409
260 410
61 411
214 412
346 413
205 414
344 415
224 416
360 417
418 418
348 419
26 420
131 421
283 422
112 423
366 424
61 425
100 426
8 427
146 428
32 429
147 430
141 431
241 432
139 433
19 434
196 435
191 436
65 437
164 438
34 439
262 440
376 441
420 442
6 443
266 444
208 445
59 446
19 447
129 448
105 449
2 450
439 451
280 452
349 453
143 454
414 455
48 456
326 457
163 458
272 459
338 460
428 461
191 462
342 463
133 464
459 465
72 466
315 467
209 468
400 469
216 470
353 471
89 472
163 473
162 474
159 475
343 476
462 477
94 478
126 479
171 480
22 481
378 482
367 483
162 484
136 485
348 486
221 487
320 488
45 489
101 490
26 491
324 492
373 493
243 494
61 495
71 496
469 497
367 498
387 499
387 500
303 501
247 502
447 503
376 504
173 505
449 506
43 507
258 508
200 509
185 510
352 511
480 512
316 513
326 514
198 515
202 516
8 517
101 518
307 519
485 520
174 521
519 522
236 523
171 524
518 525
207 526
53 527
125 528
150 529
22 530
159 531
3 532
174 533
303 534
455 535
266 536
322 537
252 538
66 539
175 540
382 541
300 542
50 543
467 544
474 545
37 546
493 547
62 548
201 549
398 550
394 551
159 552
390 553
509 554
352 555
238 556
353 557
447 558
161 559
103 560
159 561
25 562
530 563
221 564
427 565
467 566
136 567
54 568
22 569
150 570
252 571
150 572
415 573
20 574
53 575
168 576
375 577
378 578
146 579
405 580
231 581
536 582
329 583
220 584
568 585
452 586
565 587
174 588
470 589
414 590
259 591
323 592
146 593
272 594
8 595
523 596
277 597
441 598
371 599
60 600
315 601
337 602
68 603
60 604
202 605
438 606
287 607
250 608
295 609
602 610
153 611
288 612
85 613
249 614
438 615
227 616
384 617
477 618
328 619
479 620
602 621
293 622
559 623
131 624
512 625
116 626
564 627
592 628
2 629
76 630
222 631
554 632
124 633
594 634
450 635
97 636
263 637
581 638
527 639
499 640
99 641
604 642
335 643
479 644
413 645
370 646
14 647
392 648
505 649
198 650
47 651
536 652
459 653
282 654
596 655
222 656
80 657
639 658
496 659
86 660
15 661
594 662
345 663
241 664
516 665
129 666
463 667
591 668
91 669
536 670
257 671
102 672
43 673
499 674
543 675
107 676
635 677
171 678
89 679
438 680
475 681
79 682
615 683
110 684
99 685
38 686
624 687
142 688
486 689
272 690
156 691
567 692
500 693
131 694
151 695
297 696
369 697
690 698
255 699
69 700
303 701
68 702
159 703
93 704
311 705
105 706
379 707
645 708
20 709
279 710
124 711
626 712
25 713
423 714
308 715
357 716
500 717
554 718
126 719
442 720
268 721
351 722
138 723
372 724
440 725
718 726
350 727
566 728
95 729
445 730
435 731
271 732
707 733
525 734
80 735
41 736
303 737
329 738
406 739
281 740
308 741
523 742
10 743
19 744
72 745
593 746
167 747
555 748
86 749
437 750
382 751
91 752
100 753
7 754
208 755
299 756
206 757
90 758
708 759
535 760
352 761
110 762
418 763
121 764
176 765
691 766
111 767
668 768
38 769
20 770
16 771
90 772
405 773
718 774
471 775
386 776
359 777
64 778
159 779
94 780
335 781
27 782
512 783
209 784
104 785
471 786
572 787
282 788
276 789
391 790
764 791
754 792
760 793
126 794
692 795
410 796
302 797
573 798
191 799
182 800
492 801
597 802
142 803
705 804
627 805
37 806
4 807
326 808
617 809
67 810
495 811
143 812
21 813
451 814
245 815
348 816
560 817
510 818
177 819
359 820
378 821
684 822
156 823
94 824
611 825
172 826
424 827
53 828
409 829
573 830
693 831
395 832
194 833
246 834
86 835
720 836
657 837
89 838
306 839
688 840
159 841
527 842
656 843
40 844
582 845
769 846
39 847
227 848
597 849
528 850
292 851
424 852
189 853
40 854
414 855
67 856
758 857
227 858
828 859
98 860
215 861
592 862
16 863
391 864
121 865
349 866
524 867
323 868
342 869
170 870
261 871
7 872
507 873
455 874
260 875
316 876
530 877
384 878
26 879
131 880
438 881
156 882
30 883
744 884
539 885
209 886
744 887
698 888
256 889
647 890
456 891
747 892
254 893
595 894
451 895
686 896
302 897
36 898
20 899
765 900
404 901
593 902
272 903
902 904
294 905
689 906
615 907
444 908
730 909
115 910
373 911
652 912
311 913
78 914
170 915
821 916
39 917
524 918
645 919
340 920
910 921
837 922
280 923
591 924
306 925
285 926
760 927
553 928
520 929
533 930
230 931
262 932
423 933
119 934
662 935
524 936
788 937
334 938
4 939
458 940
595 941
542 942
386 943
617 944
265 945
853 946
371 947
76 948
390 949
737 950
567 951
64 952
610 953
339 954
594 955
849 956
917 957
452 958
32 959
771 960
857 961
306 962
682 963
522 964
833 965
320 966
179 967
907 968
196 969
288 970
329 971
785 972
139 973
588 974
382 975
771 976
867 977
305 978
183 979
324 980
88 981
629 982
556 983
121 984
482 985
273 986
110 987
155 988
24 989
617 990
903 991
599 992
499 993
182 994
378 995
428 996
927 997
231 998
995 999
837 1000
376 1001
669 1002
212 1003
750 1004
789 1005
5 1006
223 1007
134 1008
56 1009
44 1010
881 1011
80 1012
717 1013
970 1014
583 1015
302 1016
203 1017
165 1018
645 1019
6 1020
484 1021
559 1022
743 1023
16 1024
447 1025
842 1026
351 1027
648 1028
713 1029
121 1030
862 1031
799 1032
169 1033
10 1034
415 1035
217 1036
445 1037
739 1038
592 1039
786 1040
598 1041
198 1042
539 1043
209 1044
289 1045
637 1046
934 1047
509 1048
11 1049
872 1050
874 1051
968 1052
280 1053
892 1054
1053 1055
616 1056
343 1057
672 1058
618 1059
482 1060
917 1061
177 1062
437 1063
953 1064
500 1065
86 1066
337 1067
10 1068
294 1069
1038 1070
349 1071
511 1072
257 1073
991 1074
46 1075
230 1076
346 1077
890 1078
494 1079
293 1080
439 1081
154 1082
158 1083
473 1084
333 1085
342 1086
883 1087
568 1088
63 1089
848 1090
829 1091
580 1092
380 1093
747 1094
571 1095
227 1096
364 1097
340 1098
626 1099
358 1100
1085 1101
944 1102
355 1103
7 1104
967 1105
516 1106
269 1107
611 1108
613 1109
608 1110
1048 1111
966 1112
613 1113
1104 1114
54 1115
962 1116
162 1117
992 1118
83 1119
744 1120
225 1121
454 1122
942 1123
89 1124
202 1125
121 1126
455 1127
727 1128
420 1129
239 1130
837 1131
331 1132
981 1133
517 1134
833 1135
1018 1136
926 1137
179 1138
1100 1139
641 1140
129 1141
641 1142
340 1143
255 1144
1061 1145
1064 1146
804 1147
760 1148
312 1149
60 1150
677 1151
1032 1152
412 1153
325 1154
938 1155
14 1156
931 1157
952 1158
1109 1159
67 1160
558 1161
128 1162
1092 1163
899 1164
1066 1165
715 1166
1056 1167
562 1168
572 1169
19 1170
41 1171
1120 1172
438 1173
378 1174
708 1175
1077 1176
476 1177
616 1178
283 1179
278 1180
256 1181
608 1182
999 1183
566 1184
1046 1185
630 1186
773 1187
251 1188
1126 1189
1058 1190
572 1191
757 1192
1 1193
1152 1194
822 1195
944 1196
69 1197
194 1198
1111 1199
402 1200
874 1201
624 1202
323 1203
718 1204
488 1205
1149 1206
979 1207
438 1208
328 1209
295 1210
417 1211
1007 1212
458 1213
1142 1214
425 1215
142 1216
287 1217
861 1218
659 1219
431 1220
858 1221
145 1222
142 1223
904 1224
1133 1225
485 1226
262 1227
840 1228
636 1229
863 1230
1121 1231
162 1232
727 1233
449 1234
776 1235
393 1236
731 1237
1174 1238
829 1239
142 1240
714 1241
124 1242
783 1243
310 1244
474 1245
385 1246
1191 1247
232 1248
921 1249
1133 1250
196 1251
147 1252
259 1253
669 1254
752 1255
801 1256
47 1257
891 1258
948 1259
891 1260
97 1261
618 1262
311 1263
396 1264
396 1265
754 1266
571 1267
709 1268
409 1269
462 1270
300 1271
1204 1272
1206 1273
1212 1274
1193 1275
1054 1276
705 1277
822 1278
246 1279
569 1280
983 1281
850 1282
690 1283
1107 1284
451 1285
533 1286
409 1287
95 1288
417 1289
1008 1290
436 1291
316 1292
1031 1293
1220 1294
1161 1295
363 1296
622 1297
23 1298
15 1299
710 1300
457 1301
1172 1302
958 1303
412 1304
1153 1305
102 1306
620 1307
1002 1308
750 1309
1073 1310
476 1311
449 1312
1245 1313
1301 1314
847 1315
408 1316
1289 1317
785 1318
1087 1319
1231 1320
1259 1321
880 1322
1190 1323
45 1324
364 1325
800 1326
670 1327
1240 1328
821 1329
1248 1330
776 1331
727 1332
572 1333
788 1334
1023 1335
1091 1336
785 1337
162 1338
486 1339
69 1340
204 1341
973 1342
760 1343
568 1344
669 1345
784 1346
1333 1347
777 1348
1049 1349
935 1350
75 1351
1035 1352
777 1353
64 1354
411 1355
248 1356
1109 1357
429 1358
1287 1359
869 1360
1354 1361
27 1362
1053 1363
330 1364
775 1365
1246 1366
1245 1367
976 1368
1237 1369
249 1370
16 1371
609 1372
225 1373
1176 1374
705 1375
1187 1376
1342 1377
816 1378
1330 1379
451 1380
162 1381
1259 1382
1295 1383
1072 1384
378 1385
569 1386
649 1387
249 1388
646 1389
820 1390
272 1391
140 1392
272 1393
832 1394
1070 1395
380 1396
849 1397
1266 1398
1021 1399
653 1400
684 1401
650 1402
898 1403
491 1404
914 1405
1066 1406
71 1407
1408 1408
1211 1409
652 1410
640 1411
732 1412
343 1413
521 1414
898 1415
118 1416
967 1417
702 1418
410 1419
1244 1420
17 1421
173 1422
1363 1423
115 1424
1391 1425
813 1426
958 1427
859 1428
981 1429
89 1430
1326 1431
428 1432
1384 1433
1016 1434
220 1435
102 1436
642 1437
1019 1438
315 1439
991 1440
1420 1441
485 1442
162 1443
1308 1444
1285 1445
1314 1446
1306 1447
373 1448
700 1449
954 1450
875 1451
206 1452
1399 1453
875 1454
1000 1455
92 1456
1338 1457
593 1458
380 1459
131 1460
1179 1461
677 1462
1201 1463
952 1464
176 1465
275 1466
464 1467
1369 1468
80 1469
1044 1470
738 1471
144 1472
89 1473
1161 1474
1151 1475
1316 1476
268 1477
1250 1478
1145 1479
960 1480
369 1481
654 1482
1202 1483
355 1484
329 1485
573 1486
658 1487
1471 1488
1112 1489
314 1490
184 1491
1016 1492
431 1493
721 1494
407 1495
860 1496
540 1497
974 1498
761 1499
1047 1500
439 1501
651 1502
229 1503
1269 1504
590 1505
748 1506
836 1507
1026 1508
1127 1509
572 1510
1144 1511
1008 1512
282 1513
855 1514
1023 1515
1501 1516
1101 1517
751 1518
113 1519
1235 1520
1120 1521
104 1522
1028 1523
917 1524
132 1525
256 1526
550 1527
352 1528
1111 1529
1511 1530
462 1531
1326 1532
1220 1533
1233 1534
1388 1535
298 1536
966 1537
874 1538
322 1539
1346 1540
737 1541
25 1542
450 1543
1399 1544
1542 1545
211 1546
1156 1547
243 1548
1511 1549
1128 1550
1046 1551
1002 1552
325 1553
1262 1554
720 1555
790 1556
337 1557
166 1558
891 1559
1139 1560
55 1561
1098 1562
639 1563
1547 1564
237 1565
935 1566
697 1567
807 1568
828 1569
214 1570
441 1571
1468 1572
82 1573
153 1574
84 1575
745 1576
364 1577
729 1578
990 1579
1336 1580
721 1581
587 1582
1363 1583
1252 1584
1461 1585
1265 1586
509 1587
179 1588
975 1589
880 1590
1103 1591
870 1592
1540 1593
1501 1594
325 1595
883 1596
13 1597
409 1598
467 1599
659 1600
1243 1601
1406 1602
837 1603
107 1604
265 1605
1304 1606
626 1607
870 1608
245 1609
1136 1610
177 1611
1006 1612
126 1613
569 1614
1194 1615
1342 1616
1149 1617
1337 1618
1389 1619
476 1620
614 1621
347 1622
1211 1623
172 1624
917 1625
1077 1626
1218 1627
227 1628
122 1629
410 1630
1554 1631
1385 1632
1338 1633
183 1634
120 1635
1005 1636
1049 1637
237 1638
163 1639
315 1640
215 1641
1288 1642
1023 1643
1004 1644
208 1645
829 1646
526 1647
1283 1648
250 1649
1202 1650
1101 1651
1599 1652
1245 1653
1422 1654
873 1655
1325 1656
655 1657
712 1658
1 1659
860 1660
1560 1661
976 1662
1660 1663
1405 1664
1163 1665
1012 1666
881 1667
746 1668
93 1669
1631 1670
1595 1671
1327 1672
1474 1673
27 1674
857 1675
1146 1676
801 1677
667 1678
52 1679
982 1680
141 1681
136 1682
1002 1683
1304 1684
234 1685
731 1686
901 1687
1670 1688
1163 1689
1484 1690
1562 1691
1077 1692
545 1693
229 1694
376 1695
412 1696
369 1697
1303 1698
699 1699
1058 1700
70 1701
666 1702
1501 1703
1398 1704
1474 1705
1409 1706
1493 1707
777 1708
1084 1709
396 1710
689 1711
1360 1712
1235 1713
1295 1714
1053 1715
1534 1716
554 1717
891 1718
774 1719
1148 1720
1511 1721
211 1722
1328 1723
172 1724
760 1725
985 1726
999 1727
1416 1728
898 1729
810 1730
1170 1731
600 1732
1393 1733
1590 1734
996 1735
278 1736
1196 1737
928 1738
149 1739
1010 1740
805 1741
1166 1742
824 1743
312 1744
1155 1745
798 1746
499 1747
101 1748
611 1749
202 1750
646 1751
212 1752
739 1753
129 1754
1640 1755
876 1756
1752 1757
636 1758
428 1759
1344 1760
547 1761
909 1762
607 1763
407 1764
407 1765
1492 1766
1090 1767
1163 1768
1514 1769
687 1770
141 1771
600 1772
1180 1773
1206 1774
1266 1775
1756 1776
1625 1777
1492 1778
458 1779
1741 1780
943 1781
784 1782
1774 1783
1446 1784
1719 1785
1660 1786
1297 1787
1132 1788
1559 1789
563 1790
1481 1791
975 1792
1486 1793
509 1794
814 1795
1422 1796
487 1797
540 1798
227 1799
436 1800
877 1801
455 1802
1340 1803
192 1804
825 1805
769 1806
179 1807
457 1808
963 1809
329 1810
1587 1811
854 1812
1682 1813
435 1814
76 1815
1711 1816
565 1817
505 1818
117 1819
1697 1820
270 1821
1037 1822
182 1823
1800 1824
760 1825
13 1826
588 1827
1463 1828
397 1829
1624 1830
250 1831
1481 1832
841 1833
991 1834
469 1835
1192 1836
1351 1837
588 1838
1690 1839
308 1840
390 1841
466 1842
1605 1843
91 1844
947 1845
763 1846
192 1847
499 1848
1589 1849
1834 1850
1196 1851
724 1852
1493 1853
1445 1854
896 1855
1609 1856
1406 1857
1709 1858
892 1859
1228 1860
1805 1861
1083 1862
649 1863
1713 1864
1555 1865
846 1866
1815 1867
1562 1868
1111 1869
1301 1870
825 1871
750 1872
917 1873
439 1874
1175 1875
751 1876
1776 1877
1021 1878
501 1879
1819 1880
1640 1881
1405 1882
175 1883
68 1884
1862 1885
1192 1886
1279 1887
1377 1888
1793 1889
1689 1890
1557 1891
1523 1892
1525 1893
987 1894
651 1895
913 1896
1080 1897
117 1898
1198 1899
673 1900
1101 1901
1799 1902
795 1903
1200 1904
987 1905
1250 1906
784 1907
379 1908
1829 1909
1179 1910
290 1911
1227 1912
1790 1913
1675 1914
1838 1915
501 1916
376 1917
1729 1918
858 1919
1412 1920
218 1921
862 1922
185 1923
518 1924
2 1925
980 1926
1871 1927
1612 1928
1217 1929
1836 1930
851 1931
1695 1932
937 1933
955 1934
1710 1935
812 1936
1128 1937
1729 1938
913 1939
1324 1940
1162 1941
827 1942
1231 1943
564 1944
1576 1945
376 1946
1742 1947
1229 1948
590 1949
1693 1950
1375 1951
1673 1952
1415 1953
84 1954
1442 1955
850 1956
1538 1957
948 1958
340 1959
1958 1960
1507 1961
1849 1962
1832 1963
214 1964
185 1965
1127 1966
1071 1967
1797 1968
1161 1969
780 1970
91 1971
333 1972
79 1973
318 1974
1753 1975
498 1976
530 1977
582 1978
1416 1979
332 1980
873 1981
686 1982
408 1983
1923 1984
948 1985
1234 1986
1373 1987
1568 1988
360 1989
240 1990
168 1991
1146 1992
1533 1993
639 1994
1132 1995
496 1996
160 1997
260 1998
1265 1999
389 2000
777 2001
612 2002
342 2003
1416 2004
501 2005
1659 2006
1926 2007
298 2008
606 2009
781 2010
290 2011
479 2012
1369 2013
1167 2014
20 2015
1519 2016
1714 2017
401 2018
1249 2019
909 2020
2018 2021
1340 2022
1377 2023
1931 2024
1360 2025
885 2026
431 2027
1577 2028
1230 2029
1356 2030
185 2031
1764 2032
1369 2033
1337 2034
559 2035
765 2036
625 2037
586 2038
509 2039
1452 2040
52 2041
1954 2042
592 2043
750 2044
1635 2045
1606 2046
823 2047
953 2048
1456 2049
1468 2050
89 2051
483 2052
820 2053
1348 2054
1916 2055
1742 2056
1644 2057
1585 2058
209 2059
1323 2060
1632 2061
703 2062
643 2063
1818 2064
1951 2065
598 2066
1590 2067
751 2068
362 2069
1019 2070
1118 2071
1355 2072
2004 2073
93 2074
162 2075
850 2076
856 2077
1122 2078
617 2079
728 2080
1579 2081
652 2082
582 2083
665 2084
998 2085
1482 2086
110 2087
977 2088
1095 2089
177 2090
853 2091
969 2092
893 2093
1895 2094
1734 2095
528 2096
944 2097
971 2098
1126 2099
467 2100
345 2101
2016 2102
1084 2103
67 2104
1547 2105
1820 2106
1289 2107
859 2108
200 2109
1996 2110
321 2111
1257 2112
1290 2113
1837 2114
1701 2115
57 2116
1632 2117
2023 2118
916 2119
468 2120
275 2121
1374 2122
239 2123
1242 2124
1648 2125
131 2126
151 2127
524 2128
1711 2129
2099 2130
567 2131
1129 2132
1271 2133
1974 2134
1945 2135
43 2136
2134 2137
508 2138
1776 2139
884 2140
673 2141
853 2142
2077 2143
1749 2144
139 2145
1851 2146
1064 2147
326 2148
1908 2149
1291 2150
2045 2151
1089 2152
588 2153
1977 2154
1897 2155
2019 2156
960 2157
1579 2158
1402 2159
619 2160
42 2161
181 2162
1993 2163
816 2164
142 2165
2146 2166
1107 2167
1485 2168
541 2169
180 2170
229 2171
319 2172
925 2173
2044 2174
694 2175
1306 2176
949 2177
1457 2178
2171 2179
765 2180
981 2181
1017 2182
1437 2183
1134 2184
890 2185
661 2186
1733 2187
432 2188
379 2189
285 2190
1801 2191
91 2192
1603 2193
1627 2194
1409 2195
559 2196
582 2197
1178 2198
946 2199
904 2200
1606 2201
1336 2202
672 2203
1725 2204
429 2205
589 2206
3 2207
533 2208
1254 2209
280 2210
569 2211
297 2212
638 2213
1381 2214
872 2215
961 2216
1608 2217
236 2218
1924 2219
2105 2220
307 2221
1407 2222
833 2223
1146 2224
130 2225
12 2226
631 2227
106 2228
861 2229
1863 2230
55 2231
1202 2232
165 2233
719 2234
1553 2235
1609 2236
1254 2237
407 2238
1251 2239
1877 2240
284 2241
1543 2242
950 2243
173 2244
2048 2245
142 2246
774 2247
250 2248
1930 2249
1949 2250
1251 2251
714 2252
1909 2253
468 2254
1614 2255
608 2256
1916 2257
612 2258
892 2259
786 2260
227 2261
1781 2262
1608 2263
1959 2264
1989 2265
537 2266
696 2267
604 2268
268 2269
1949 2270
1168 2271
507 2272
2129 2273
1179 2274
980 2275
1258 2276
1794 2277
1887 2278
46 2279
598 2280
779 2281
2074 2282
849 2283
1623 2284
906 2285
1302 2286
905 2287
529 2288
912 2289
1101 2290
1108 2291
1228 2292
138 2293
1510 2294
1610 2295
1344 2296
262 2297
1209 2298
744 2299
328 2300
1564 2301
1419 2302
1093 2303
1935 2304
359 2305
1087 2306
839 2307
1926 2308
1158 2309
988 2310
1509 2311
38 2312
640 2313
1923 2314
794 2315
2178 2316
235 2317
1939 2318
1580 2319
1094 2320
408 2321
514 2322
1333 2323
355 2324
1307 2325
477 2326
1342 2327
436 2328
169 2329
1163 2330
2299 2331
1531 2332
744 2333
243 2334
1851 2335
1535 2336
668 2337
1281 2338
587 2339
2068 2340
893 2341
913 2342
1236 2343
1014 2344
1612 2345
421 2346
633 2347
2097 2348
986 2349
1944 2350
118 2351
1040 2352
833 2353
975 2354
1937 2355
427 2356
1673 2357
1458 2358
760 2359
2170 2360
2332 2361
1954 2362
1957 2363
2245 2364
1924 2365
307 2366
2247 2367
1293 2368
559 2369
142 2370
333 2371
1132 2372
279 2373
285 2374
2244 2375
698 2376
1702 2377
1335 2378
1618 2379
2090 2380
2155 2381
1231 2382
1497 2383
736 2384
2324 2385
1585 2386
1560 2387
1493 2388
1446 2389
553 2390
1359 2391
646 2392
505 2393
1037 2394
1124 2395
1203 2396
487 2397
1948 2398
117 2399
2139 2400
242 2401
2010 2402
2331 2403
611 2404
398 2405
1934 2406
2321 2407
1168 2408
2245 2409
584 2410
2167 2411
477 2412
248 2413
1659 2414
1982 2415
700 2416
549 2417
1221 2418
159 2419
2255 2420
493 2421
1196 2422
205 2423
2293 2424
1915 2425
2103 2426
505 2427
32 2428
617 2429
821 2430
1797 2431
2186 2432
1219 2433
1659 2434
1771 2435
1811 2436
1499 2437
472 2438
2004 2439
1540 2440
981 2441
1260 2442
248 2443
324 2444
1175 2445
1617 2446
278 2447
1788 2448
1521 2449
611 2450
1120 2451
1088 2452
2348 2453
721 2454
2033 2455
1925 2456
1612 2457
443 2458
684 2459
208 2460
416 2461
888 2462
512 2463
1033 2464
1732 2465
2107 2466
3 2467
1450 2468
1553 2469
1248 2470
352 2471
2188 2472
2434 2473
106 2474
1691 2475
1074 2476
959 2477
1253 2478
2334 2479
1548 2480
1076 2481
338 2482
336 2483
2084 2484
804 2485
612 2486
226 2487
1855 2488
1325 2489
1697 2490
146 2491
1273 2492
837 2493
1273 2494
284 2495
374 2496
740 2497
1230 2498
1969 2499
560 2500
2426 2501
1415 2502
2429 2503
1744 2504
424 2505
2010 2506
261 2507
53 2508
1483 2509
496 2510
2355 2511
111 2512
288 2513
2128 2514
1598 2515
1220 2516
2194 2517
1484 2518
2064 2519
874 2520
1258 2521
81 2522
1551 2523
1287 2524
517 2525
2340 2526
1052 2527
1814 2528
2124 2529
2231 2530
309 2531
217 2532
2073 2533
771 2534
797 2535
1603 2536
728 2537
881 2538
1223 2539
1168 2540
361 2541
2340 2542
556 2543
1952 2544
1378 2545
16 2546
1771 2547
2323 2548
1996 2549
2076 2550
1096 2551
408 2552
509 2553
2519 2554
529 2555
2150 2556
1617 2557
868 2558
144 2559
306 2560
19 2561
1105 2562
1620 2563
1942 2564
355 2565
1165 2566
1460 2567
1734 2568
241 2569
1145 2570
1789 2571
221 2572
896 2573
719 2574
260 2575
664 2576
948 2577
1610 2578
1354 2579
253 2580
805 2581
2095 2582
1064 2583
2582 2584
178 2585
1626 2586
800 2587
900 2588
768 2589
541 2590
1101 2591
528 2592
220 2593
715 2594
2060 2595
362 2596
706 2597
668 2598
1511 2599
586 2600
170 2601
910 2602
2468 2603
2311 2604
2399 2605
610 2606
376 2607
1131 2608
1663 2609
903 2610
272 2611
2004 2612
304 2613
404 2614
866 2615
1358 2616
16 2617
1941 2618
548 2619
2104 2620
1612 2621
2235 2622
508 2623
716 2624
1776 2625
1504 2626
1609 2627
556 2628
2253 2629
1767 2630
1079 2631
1477 2632
1726 2633
1226 2634
1819 2635
203 2636
1481 2637
1260 2638
1447 2639
1958 2640
1430 2641
1494 2642
819 2643
725 2644
869 2645
2188 2646
298 2647
237 2648
493 2649
2077 2650
1039 2651
1331 2652
2492 2653
591 2654
473 2655
1579 2656
1766 2657
2555 2658
656 2659
593 2660
1087 2661
1192 2662
186 2663
1560 2664
509 2665
189 2666
1001 2667
2611 2668
490 2669
792 2670
2456 2671
177 2672
1432 2673
1944 2674
2113 2675
1217 2676
2325 2677
753 2678
2580 2679
1069 2680
114 2681
707 2682
961 2683
2508 2684
610 2685
883 2686
1331 2687
2332 2688
1398 2689
1268 2690
411 2691
2206 2692
1134 2693
1278 2694
1782 2695
640 2696
46 2697
1002 2698
1187 2699
695 2700
2406 2701
2636 2702
2024 2703
1056 2704
2232 2705
1015 2706
308 2707
204 2708
2385 2709
2352 2710
1241 2711
1478 2712
2475 2713
1994 2714
2415 2715
1230 2716
659 2717
1412 2718
571 2719
2580 2720
1288 2721
1603 2722
2593 2723
1272 2724
855 2725
1432 2726
1330 2727
2153 2728
2628 2729
1698 2730
936 2731
2663 2732
1227 2733
2635 2734
2343 2735
847 2736
316 2737
2017 2738
2058 2739
2075 2740
1964 2741
356 2742
2479 2743
2645 2744
1444 2745
22 2746
1254 2747
678 2748
365 2749
863 2750
537 2751
1735 2752
358 2753
1951 2754
318 2755
1516 2756
801 2757
2593 2758
2055 2759
1179 2760
1875 2761
105 2762
1963 2763
461 2764
1522 2765
1156 2766
2567 2767
2207 2768
315 2769
400 2770
1988 2771
733 2772
11 2773
150 2774
896 2775
1124 2776
1723 2777
828 2778
2162 2779
1410 2780
552 2781
194 2782
1426 2783
865 2784
1200 2785
1398 2786
2743 2787
2408 2788
400 2789
864 2790
1944 2791
2049 2792
2682 2793
245 2794
780 2795
2357 2796
2640 2797
627 2798
2691 2799
1389 2800
332 2801
440 2802
1029 2803
1854 2804
1174 2805
1003 2806
445 2807
1639 2808
1189 2809
460 2810
209 2811
1601 2812
822 2813
1781 2814
1130 2815
2322 2816
578 2817
220 2818
2124 2819
758 2820
2036 2821
1901 2822
2029 2823
137 2824
29 2825
2593 2826
688 2827
1794 2828
2441 2829
1341 2830
2466 2831
1424 2832
2039 2833
618 2834
1991 2835
302 2836
1452 2837
1307 2838
2481 2839
985 2840
856 2841
532 2842
1006 2843
2459 2844
249 2845
1723 2846
102 2847
2243 2848
374 2849
1269 2850
1178 2851
120 2852
288 2853
2304 2854
1856 2855
941 2856
1274 2857
797 2858
2816 2859
1146 2860
2169 2861
2055 2862
177 2863
1027 2864
71 2865
2647 2866
1107 2867
100 2868
2440 2869
1570 2870
124 2871
184 2872
1645 2873
35 2874
121 2875
682 2876
2131 2877
40 2878
1817 2879
2008 2880
2786 2881
1668 2882
2695 2883
594 2884
819 2885
117 2886
1081 2887
1650 2888
2820 2889
2787 2890
818 2891
549 2892
2356 2893
749 2894
163 2895
1388 2896
1398 2897
853 2898
2810 2899
1323 2900
2476 2901
1327 2902
1571 2903
1728 2904
778 2905
1469 2906
192 2907
2178 2908
2123 2909
2689 2910
2392 2911
2770 2912
720 2913
2825 2914
64 2915
2436 2916
1019 2917
2645 2918
1210 2919
188 2920
669 2921
319 2922
2477 2923
1237 2924
41 2925
1015 2926
1072 2927
1511 2928
1211 2929
2390 2930
2630 2931
1797 2932
1129 2933
2912 2934
1272 2935
1264 2936
2675 2937
16 2938
1861 2939
1440 2940
1989 2941
191 2942
2640 2943
164 2944
2499 2945
1710 2946
886 2947
1111 2948
1068 2949
2838 2950
418 2951
1700 2952
9 2953
1219 2954
1555 2955
862 2956
1181 2957
1005 2958
901 2959
657 2960
1337 2961
325 2962
853 2963
1130 2964
2826 2965
1127 2966
1244 2967
2551 2968
1646 2969
906 2970
655 2971
1432 2972
542 2973
459 2974
1947 2975
195 2976
2900 2977
2073 2978
1560 2979
1389 2980
876 2981
1934 2982
1020 2983
1536 2984
1862 2985
2000 2986
31 2987
2343 2988
2519 2989
1476 2990
1571 2991
326 2992
610 2993
1697 2994
2647 2995
910 2996
343 2997
1133 2998
2781 2999
1613 3000
2791 3001
1198 3002
1989 3003
765 3004
1811 3005
1994 3006
1253 3007
1573 3008
2441 3009
797 3010
1056 3011
1578 3012
1666 3013
1340 3014
1456 3015
425 3016
262 3017
2090 3018
1995 3019
1971 3020
266 3021
385 3022
601 3023
2765 3024
2832 3025
1082 3026
1 3027
845 3028
1559 3029
1043 3030
2106 3031
1944 3032
1632 3033
1187 3034
1194 3035
126 3036
1255 3037
615 3038
1687 3039
183 3040
1477 3041
1187 3042
2198 3043
522 3044
1441 3045
1126 3046
1678 3047
1373 3048
2440 3049
2896 3050
2323 3051
736 3052
843 3053
243 3054
1064 3055
1246 3056
1746 3057
1171 3058
486 3059
1912 3060
1427 3061
1125 3062
795 3063
2883 3064
2385 3065
552 3066
1226 3067
2566 3068
1058 3069
1608 3070
2752 3071
2514 3072
775 3073
1775 3074
1600 3075
3048 3076
1425 3077
2663 3078
3030 3079
1139 3080
1937 3081
435 3082
888 3083
1985 3084
1880 3085
1562 3086
320 3087
1916 3088
327 3089
2584 3090
1278 3091
1652 3092
2296 3093
544 3094
2887 3095
2615 3096
755 3097
1065 3098
2626 3099
1264 3100
424 3101
3025 3102
2998 3103
300 3104
3094 3105
3074 3106
2857 3107
710 3108
2901 3109
2795 3110
1486 3111
1407 3112
207 3113
11 3114
924 3115
1561 3116
715 3117
2437 3118
2536 3119
1681 3120
1411 3121
615 3122
2444 3123
1390 3124
1239 3125
1891 3126
1769 3127
3082 3128
411 3129
1746 3130
70 3131
965 3132
1483 3133
405 3134
2530 3135
1143 3136
2381 3137
1869 3138
79 3139
685 3140
552 3141
1151 3142
1573 3143
331 3144
1962 3145
2856 3146
1129 3147
2607 3148
1377 3149
915 3150
1744 3151
1636 3152
2817 3153
2570 3154
2928 3155
3049 3156
3079 3157
1019 3158
179 3159
2207 3160
120 3161
1922 3162
298 3163
2631 3164
1317 3165
280 3166
544 3167
1209 3168
2189 3169
379 3170
2233 3171
656 3172
2181 3173
1781 3174
2435 3175
1116 3176
233 3177
2086 3178
1014 3179
462 3180
1544 3181
352 3182
1514 3183
2345 3184
291 3185
2409 3186
1753 3187
202 3188
2540 3189
2931 3190
905 3191
705 3192
2028 3193
1781 3194
2557 3195
2343 3196
2516 3197
1317 3198
2195 3199
1834 3200
348 3201
2850 3202
184 3203
1938 3204
2373 3205
3181 3206
1261 3207
3156 3208
1592 3209
1885 3210
2111 3211
2425 3212
2933 3213
2214 3214
1794 3215
1558 3216
2064 3217
2662 3218
1350 3219
2371 3220
822 3221
991 3222
1574 3223
1794 3224
2645 3225
189 3226
2737 3227
38 3228
2514 3229
2970 3230
939 3231
3176 3232
1195 3233
1340 3234
3184 3235
1780 3236
548 3237
2045 3238
1311 3239
2302 3240
2448 3241
2669 3242
356 3243
592 3244
2709 3245
3016 3246
278 3247
2684 3248
2799 3249
1158 3250
1953 3251
203 3252
1954 3253
890 3254
1631 3255
1773 3256
2750 3257
1925 3258
2488 3259
2256 3260
203 3261
3212 3262
1170 3263
843 3264
1377 3265
2861 3266
678 3267
1826 3268
3158 3269
1970 3270
2519 3271
3051 3272
747 3273
2631 3274
2763 3275
1024 3276
2569 3277
251 3278
2404 3279
1063 3280
2655 3281
2200 3282
2793 3283
1548 3284
1836 3285
2043 3286
1166 3287
2550 3288
1573 3289
1296 3290
957 3291
1541 3292
1343 3293
1031 3294
1028 3295
326 3296
2888 3297
2782 3298
128 3299
2016 3300
2958 3301
2709 3302
1130 3303
1138 3304
1076 3305
2863 3306
187 3307
1468 3308
131 3309
687 3310
749 3311
3249 3312
3254 3313
184 3314
1434 3315
2102 3316
2982 3317
1918 3318
172 3319
1298 3320
531 3321
2445 3322
92 3323
1212 3324
2376 3325
1499 3326
339 3327
710 3328
1406 3329
1704 3330
3175 3331
3077 3332
430 3333
2736 3334
61 3335
1917 3336
1347 3337
1377 3338
688 3339
2061 3340
1010 3341
2669 3342
3178 3343
181 3344
1584 3345
416 3346
2748 3347
646 3348
1624 3349
667 3350
3190 3351
694 3352
2906 3353
1454 3354
1315 3355
1973 3356
652 3357
1431 3358
3262 3359
212 3360
2597 3361
1691 3362
1889 3363
103 3364
3151 3365
1681 3366
752 3367
806 3368
3232 3369
2618 3370
2473 3371
2012 3372
3049 3373
1136 3374
87 3375
2597 3376
819 3377
1012 3378
556 3379
733 3380
114 3381
63 3382
3161 3383
661 3384
2773 3385
424 3386
263 3387
2303 3388
2447 3389
2319 3390
241 3391
3264 3392
2907 3393
2250 3394
2941 3395
206 3396
76 3397
1552 3398
1553 3399
2546 3400
1972 3401
1044 3402
39 3403
760 3404
70 3405
1698 3406
74 3407
2584 3408
1948 3409
1944 3410
3240 3411
2480 3412
3258 3413
3039 3414
134 3415
2091 3416
2592 3417
3048 3418
1620 3419
833 3420
2072 3421
2278 3422
2956 3423
965 3424
3272 3425
297 3426
2588 3427
362 3428
1140 3429
671 3430
119 3431
2623 3432
1854 3433
1606 3434
2360 3435
1763 3436
1152 3437
2174 3438
634 3439
2382 3440
2777 3441
1162 3442
3212 3443
1724 3444
1800 3445
649 3446
1267 3447
2598 3448
693 3449
2021 3450
1959 3451
3264 3452
2440 3453
2398 3454
1864 3455
367 3456
1426 3457
3335 3458
1065 3459
3252 3460
2695 3461
2964 3462
139 3463
97 3464
2947 3465
2573 3466
1994 3467
522 3468
2297 3469
638 3470
878 3471
214 3472
1004 3473
3377 3474
1495 3475
299 3476
20 3477
2319 3478
869 3479
138 3480
3001 3481
7 3482
2094 3483
1058 3484
850 3485
1937 3486
3425 3487
2384 3488
3016 3489
1415 3490
534 3491
300 3492
2401 3493
696 3494
77 3495
1768 3496
1704 3497
2984 3498
726 3499
824 3500
354 3501
1962 3502
422 3503
1325 3504
2507 3505
372 3506
479 3507
614 3508
2841 3509
2994 3510
1127 3511
91 3512
1117 3513
1184 3514
80 3515
2488 3516
2094 3517
2153 3518
628 3519
499 3520
2085 3521
3212 3522
2262 3523
3060 3524
3013 3525
2124 3526
894 3527
2260 3528
2710 3529
2630 3530
3293 3531
809 3532
951 3533
1531 3534
3397 3535
1261 3536
636 3537
8 3538
1537 3539
2142 3540
1336 3541
107 3542
257 3543
1209 3544
3347 3545
1272 3546
2155 3547
2013 3548
1623 3549
838 3550
982 3551
595 3552
3158 3553
2843 3554
3555 3555
2856 3556
1182 3557
2958 3558
2756 3559
1474 3560
3325 3561
3268 3562
1386 3563
2131 3564
1245 3565
380 3566
374 3567
3408 3568
573 3569
1124 3570
319 3571
828 3572
2691 3573
900 3574
3493 3575
2796 3576
828 3577
2339 3578
539 3579
2927 3580
1106 3581
272 3582
2282 3583
2412 3584
1531 3585
1038 3586
1929 3587
2937 3588
2371 3589
2866 3590
1478 3591
2515 3592
3199 3593
3077 3594
1764 3595
601 3596
359 3597
468 3598
413 3599
1456 3600
967 3601
621 3602
2608 3603
556 3604
1774 3605
2370 3606
3498 3607
2593 3608
543 3609
3454 3610
3520 3611
1414 3612
3157 3613
1136 3614
268 3615
2306 3616
236 3617
141 3618
978 3619
1144 3620
3140 3621
3023 3622
2215 3623
2441 3624
1050 3625
2991 3626
323 3627
892 3628
2418 3629
3340 3630
780 3631
2580 3632
1816 3633
1715 3634
345 3635
743 3636
2961 3637
2499 3638
1380 3639
672 3640
156 3641
2927 3642
1522 3643
676 3644
3028 3645
762 3646
331 3647
240 3648
3463 3649
1416 3650
738 3651
3632 3652
2832 3653
756 3654
2603 3655
2047 3656
2102 3657
2509 3658
2770 3659
908 3660
3468 3661
554 3662
1089 3663
1556 3664
1289 3665
1886 3666
3330 3667
572 3668
3157 3669
1034 3670
3345 3671
907 3672
19 3673
1073 3674
2403 3675
1760 3676
3423 3677
2080 3678
2186 3679
3630 3680
3558 3681
3569 3682
1848 3683
447 3684
2690 3685
2629 3686
527 3687
2058 3688
699 3689
1689 3690
2413 3691
1333 3692
766 3693
2939 3694
1300 3695
142 3696
2264 3697
2871 3698
2512 3699
2685 3700
945 3701
3493 3702
277 3703
823 3704
3478 3705
2718 3706
1738 3707
1833 3708
760 3709
2513 3710
2795 3711
2267 3712
3132 3713
3146 3714
2123 3715
396 3716
2739 3717
2821 3718
3523 3719
3036 3720
2223 3721
804 3722
2435 3723
1605 3724
537 3725
3431 3726
1838 3727
622 3728
2108 3729
3107 3730
1113 3731
880 3732
1842 3733
3010 3734
3596 3735
2667 3736
2041 3737
553 3738
339 3739
2567 3740
616 3741
1382 3742
1296 3743
284 3744
3305 3745
793 3746
791 3747
1687 3748
169 3749
2449 3750
3517 3751
1417 3752
1629 3753
1850 3754
2410 3755
3005 3756
2847 3757
3695 3758
1477 3759
96 3760
3610 3761
613 3762
2184 3763
3192 3764
1682 3765
704 3766
1631 3767
1753 3768
210 3769
228 3770
2851 3771
2225 3772
2427 3773
2340 3774
2864 3775
2403 3776
2754 3777
2480 3778
153 3779
2046 3780
2896 3781
2155 3782
612 3783
1301 3784
764 3785
2570 3786
2095 3787
3024 3788
3258 3789
43 3790
1933 3791
52 3792
489 3793
202 3794
3244 3795
2157 3796
3194 3797
1415 3798
3667 3799
3394 3800
3172 3801
3493 3802
668 3803
250 3804
2928 3805
3243 3806
1124 3807
1648 3808
1141 3809
2425 3810
3000 3811
716 3812
3460 3813
3200 3814
872 3815
874 3816
1222 3817
1697 3818
2436 3819
268 3820
1556 3821
1984 3822
76 3823
1830 3824
1774 3825
1211 3826
1118 3827
3742 3828
3685 3829
241 3830
2264 3831
276 3832
2529 3833
1740 3834
3203 3835
2566 3836
3326 3837
1716 3838
2825 3839
2527 3840
180 3841
1703 3842
683 3843
3521 3844
274 3845
2803 3846
198 3847
1849 3848
930 3849
2301 3850
3005 3851
1805 3852
1672 3853
195 3854
453 3855
2167 3856
3053 3857
757 3858
3424 3859
2415 3860
2626 3861
888 3862
295 3863
3398 3864
1511 3865
27 3866
2804 3867
2591 3868
3188 3869
2203 3870
68 3871
1832 3872
2798 3873
2415 3874
1346 3875
1018 3876
3447 3877
3715 3878
3136 3879
2386 3880
1335 3881
3119 3882
2225 3883
1699 3884
3095 3885
1754 3886
476 3887
1171 3888
3471 3889
77 3890
2378 3891
3712 3892
1783 3893
955 3894
1733 3895
3633 3896
1868 3897
795 3898
3222 3899
2395 3900
1833 3901
3308 3902
1313 3903
967 3904
2776 3905
512 3906
1314 3907
1428 3908
106 3909
1298 3910
2147 3911
2223 3912
2940 3913
2402 3914
250 3915
1585 3916
356 3917
555 3918
2491 3919
3648 3920
1155 3921
26 3922
1795 3923
668 3924
992 3925
2505 3926
993 3927
355 3928
1869 3929
3364 3930
2243 3931
3698 3932
894 3933
3428 3934
3388 3935
516 3936
837 3937
3099 3938
3228 3939
2507 3940
3456 3941
2326 3942
1039 3943
2273 3944
1685 3945
1033 3946
1838 3947
2760 3948
3305 3949
3504 3950
2176 3951
1058 3952
1360 3953
1144 3954
1422 3955
1868 3956
782 3957
2706 3958
1234 3959
3414 3960
1934 3961
905 3962
3275 3963
2147 3964
19 3965
682 3966
209 3967
3420 3968
2132 3969
827 3970
3520 3971
705 3972
1816 3973
888 3974
2588 3975
262 3976
2090 3977
3941 3978
1385 3979
2644 3980
1918 3981
3773 3982
1671 3983
2422 3984
1652 3985
219 3986
1054 3987
900 3988
3123 3989
3012 3990
1045 3991
20 3992
953 3993
993 3994
3079 3995
2544 3996
1353 3997
18 3998
3693 3999
721 4000
2113 4001
3894 4002
2856 4003
233 4004
2697 4005
3677 4006
2374 4007
539 4008
588 4009
3308 4010
404 4011
3482 4012
654 4013
3873 4014
162 4015
3628 4016
2382 4017
428 4018
3449 4019
3048 4020
358 4021
1532 4022
1685 4023
3845 4024
1049 4025
3869 4026
3835 4027
1239 4028
2717 4029
3166 4030
863 4031
1292 4032
1588 4033
3874 4034
1544 4035
2060 4036
2085 4037
3561 4038
2228 4039
1625 4040
2878 4041
691 4042
3096 4043
1079 4044
1431 4045
335 4046
1344 4047
2094 4048
2922 4049
3582 4050
1953 4051
3670 4052
41 4053
3783 4054
3413 4055
3113 4056
758 4057
271 4058
2031 4059
3371 4060
850 4061
2395 4062
458 4063
523 4064
2519 4065
1684 4066
877 4067
1566 4068
3828 4069
2283 4070
3986 4071
3029 4072
1489 4073
2753 4074
2341 4075
1562 4076
49 4077
2531 4078
3410 4079
464 4080
4045 4081
937 4082
1463 4083
3690 4084
173 4085
3069 4086
921 4087
1068 4088
3571 4089
1784 4090
475 4091
3306 4092
2149 4093
1158 4094
2189 4095
1053 4096
1940 4097
2382 4098
493 4099
318 4100
1255 4101
3128 4102
3262 4103
246 4104
1729 4105
594 4106
92 4107
2431 4108
2349 4109
3864 4110
3638 4111
1310 4112
258 4113
2883 4114
2230 4115
417 4116
1278 4117
431 4118
2321 4119
2359 4120
749 4121
1702 4122
682 4123
2255 4124
2178 4125
2196 4126
2289 4127
3108 4128
3729 4129
820 4130
581 4131
894 4132
3779 4133
1060 4134
2355 4135
1783 4136
3032 4137
2297 4138
2290 4139
3049 4140
2548 4141
3341 4142
283 4143
920 4144
949 4145
772 4146
264 4147
2417 4148
1559 4149
1279 4150
2511 4151
1500 4152
4007 4153
442 4154
1494 4155
2117 4156
1084 4157
1606 4158
1261 4159
3016 4160
1813 4161
3395 4162
1596 4163
3607 4164
1310 4165
29 4166
2927 4167
2722 4168
589 4169
2685 4170
2044 4171
134 4172
3755 4173
1402 4174
190 4175
842 4176
332 4177
348 4178
1752 4179
1305 4180
1235 4181
3021 4182
3840 4183
2614 4184
672 4185
222 4186
2622 4187
2226 4188
4072 4189
1609 4190
3387 4191
3665 4192
3803 4193
1342 4194
3630 4195
1736 4196
1266 4197
3741 4198
510 4199
3940 4200
2534 4201
2474 4202
710 4203
2187 4204
259 4205
1808 4206
1995 4207
2148 4208
546 4209
486 4210
114 4211
1512 4212
2291 4213
1539 4214
3604 4215
1790 4216
1447 4217
911 4218
3583 4219
925 4220
553 4221
1338 4222
4057 4223
3903 4224
1963 4225
1948 4226
91 4227
2562 4228
1179 4229
292 4230
65 4231
2215 4232
2237 4233
1358 4234
3787 4235
3510 4236
843 4237
4102 4238
4063 4239
1999 4240
4171 4241
783 4242
4041 4243
744 4244
2141 4245
193 4246
1319 4247
3826 4248
3873 4249
2824 4250
1796 4251
321 4252
4221 4253
2268 4254
3449 4255
521 4256
1698 4257
219 4258
1855 4259
868 4260
3585 4261
2079 4262
3649 4263
1637 4264
1807 4265
2424 4266
4239 4267
2414 4268
3108 4269
3358 4270
165 4271
3177 4272
902 4273
2273 4274
1251 4275
3658 4276
2163 4277
3793 4278
1307 4279
3785 4280
4241 4281
1242 4282
1667 4283
1058 4284
1637 4285
4147 4286
787 4287
3347 4288
427 4289
405 4290
4205 4291
285 4292
1207 4293
271 4294
3949 4295
321 4296
2276 4297
287 4298
3892 4299
1474 4300
2109 4301
4173 4302
1999 4303
1308 4304
1373 4305
3197 4306
2920 4307
1734 4308
2205 4309
2786 4310
553 4311
3757 4312
420 4313
3610 4314
3743 4315
4106 4316
1029 4317
474 4318
3640 4319
3223 4320
888 4321
3554 4322
1907 4323
1605 4324
1979 4325
3427 4326
438 4327
425 4328
4219 4329
3742 4330
2825 4331
2691 4332
930 4333
1471 4334
3119 4335
3550 4336
216 4337
2800 4338
1528 4339
4179 4340
1126 4341
3692 4342
849 4343
4152 4344
3645 4345
3615 4346
2268 4347
877 4348
2608 4349
2724 4350
1545 4351
3790 4352
3197 4353
4006 4354
3870 4355
3804 4356
48 4357
3808 4358
3301 4359
3227 4360
2736 4361
1400 4362
3884 4363
1066 4364
37 4365
633 4366
4195 4367
1007 4368
3625 4369
614 4370
3141 4371
1659 4372
367 4373
4007 4374
99 4375
2448 4376
3355 4377
3308 4378
4180 4379
4022 4380
2741 4381
2289 4382
3252 4383
3789 4384
4004 4385
817 4386
1157 4387
605 4388
3654 4389
3680 4390
2455 4391
2379 4392
3868 4393
413 4394
780 4395
2700 4396
508 4397
2400 4398
3834 4399
882 4400
1510 4401
1506 4402
1640 4403
3971 4404
1591 4405
2372 4406
201 4407
2399 4408
113 4409
3709 4410
2229 4411
1719 4412
3156 4413
1771 4414
1734 4415
3719 4416
1743 4417
3321 4418
2404 4419
1341 4420
2837 4421
3728 4422
970 4423
4360 4424
917 4425
1198 4426
4295 4427
3706 4428
3721 4429
1867 4430
2398 4431
3747 4432
4119 4433
2591 4434
71 4435
2314 4436
2218 4437
3961 4438
1609 4439
2041 4440
2076 4441
820 4442
3114 4443
52 4444
1464 4445
1586 4446
2705 4447
773 4448
4213 4449
2047 4450
1075 4451
1120 4452
3982 4453
2615 4454
2836 4455
1765 4456
3876 4457
1510 4458
2508 4459
2587 4460
1721 4461
588 4462
4005 4463
2277 4464
1233 4465
3711 4466
2024 4467
4319 4468
952 4469
90 4470
565 4471
816 4472
1536 4473
666 4474
2245 4475
1364 4476
3202 4477
959 4478
4429 4479
538 4480
383 4481
2200 4482
2821 4483
3520 4484
4296 4485
175 4486
2688 4487
299 4488
1023 4489
3362 4490
2781 4491
63 4492
3882 4493
96 4494
1983 4495
4045 4496
727 4497
4015 4498
1242 4499
1140 4500
2209 4501
1576 4502
3983 4503
1675 4504
2325 4505
2068 4506
1924 4507
3479 4508
4047 4509
3931 4510
900 4511
4044 4512
176 4513
708 4514
3183 4515
1185 4516
290 4517
2732 4518
4004 4519
4468 4520
2861 4521
2762 4522
3257 4523
1010 4524
357 4525
587 4526
2978 4527
639 4528
3757 4529
4429 4530
3411 4531
3140 4532
1502 4533
775 4534
2834 4535
2055 4536
2692 4537
1614 4538
408 4539
1076 4540
4204 4541
1452 4542
2452 4543
328 4544
742 4545
1255 4546
2346 4547
1190 4548
845 4549
2661 4550
2028 4551
3052 4552
4057 4553
3890 4554
2852 4555
3362 4556
504 4557
3406 4558
1426 4559
4150 4560
2747 4561
3441 4562
3848 4563
12 4564
2363 4565
1235 4566
2973 4567
4433 4568
1289 4569
1452 4570
3621 4571
2584 4572
2633 4573
2802 4574
3285 4575
989 4576
2052 4577
990 4578
3092 4579
231 4580
2750 4581
954 4582
2407 4583
2313 4584
3863 4585
3467 4586
1320 4587
4466 4588
383 4589
3471 4590
3868 4591
3117 4592
646 4593
2541 4594
1526 4595
643 4596
1697 4597
2397 4598
2581 4599
1032 4600
1694 4601
1186 4602
3881 4603
2866 4604
2335 4605
3821 4606
3323 4607
682 4608
1436 4609
1642 4610
4168 4611
2342 4612
1696 4613
3893 4614
4444 4615
2487 4616
2792 4617
4355 4618
423 4619
758 4620
4048 4621
2209 4622
4301 4623
4071 4624
3651 4625
3188 4626
4492 4627
1413 4628
2442 4629
3086 4630
3021 4631
4454 4632
3781 4633
4283 4634
1401 4635
4076 4636
726 4637
1312 4638
2981 4639
4379 4640
786 4641
1915 4642
1282 4643
3093 4644
1874 4645
2616 4646
4200 4647
591 4648
1285 4649
178 4650
4118 4651
3742 4652
1432 4653
3494 4654
3350 4655
3944 4656
3564 4657
4054 4658
2672 4659
452 4660
2781 4661
2763 4662
2366 4663
2101 4664
4566 4665
3430 4666
4281 4667
999 4668
1733 4669
3371 4670
1317 4671
4576 4672
4665 4673
101 4674
3109 4675
4198 4676
2654 4677
2437 4678
962 4679
1251 4680
1222 4681
3785 4682
14 4683
371 4684
4358 4685
3104 4686
1439 4687
1042 4688
3146 4689
2021 4690
2462 4691
2276 4692
761 4693
3920 4694
245 4695
4272 4696
2775 4697
209 4698
3363 4699
2642 4700
3864 4701
3835 4702
4518 4703
3503 4704
2891 4705
3573 4706
607 4707
4548 4708
1674 4709
2760 4710
3813 4711
3490 4712
4112 4713
401 4714
3084 4715
3602 4716
2056 4717
3035 4718
4695 4719
245 4720
3207 4721
3867 4722
4707 4723
140 4724
2443 4725
347 4726
4011 4727
4198 4728
3494 4729
4003 4730
2194 4731
3271 4732
3669 4733
3916 4734
567 4735
1210 4736
4475 4737
3214 4738
3402 4739
2886 4740
2128 4741
3002 4742
492 4743
4202 4744
3087 4745
3192 4746
3252 4747
3740 4748
2242 4749
996 4750
2658 4751
4292 4752
157 4753
3718 4754
1689 4755
3666 4756
4121 4757
4166 4758
1276 4759
794 4760
3113 4761
2740 4762
1646 4763
40 4764
1881 4765
2583 4766
4762 4767
4469 4768
2516 4769
2882 4770
1611 4771
242 4772
2016 4773
338 4774
4536 4775
3178 4776
1488 4777
1778 4778
1909 4779
2849 4780
1479 4781
3970 4782
730 4783
4529 4784
2558 4785
595 4786
610 4787
3568 4788
1053 4789
465 4790
2616 4791
4426 4792
2678 4793
4736 4794
1040 4795
1937 4796
1141 4797
1150 4798
2366 4799
3594 4800
239 4801
1627 4802
953 4803
1590 4804
3057 4805
711 4806
4432 4807
2545 4808
3126 4809
4034 4810
4261 4811
3751 4812
2575 4813
2279 4814
4408 4815
1746 4816
3532 4817
364 4818
2419 4819
1299 4820
2438 4821
1279 4822
687 4823
2681 4824
1272 4825
1339 4826
2117 4827
2024 4828
3522 4829
744 4830
1448 4831
1107 4832
3457 4833
4472 4834
2959 4835
2462 4836
849 4837
2952 4838
138 4839
3349 4840
989 4841
362 4842
814 4843
2457 4844
2699 4845
2708 4846
1883 4847
4796 4848
1451 4849
1775 4850
1911 4851
92 4852
351 4853
2683 4854
1384 4855
1343 4856
2582 4857
2988 4858
4606 4859
760 4860
3891 4861
1402 4862
3901 4863
1978 4864
3580 4865
4598 4866
2175 4867
2611 4868
2166 4869
4644 4870
1572 4871
2535 4872
4184 4873
3118 4874
4098 4875
3573 4876
3205 4877
886 4878
4202 4879
3989 4880
3414 4881
3416 4882
1175 4883
1531 4884
1469 4885
1696 4886
3081 4887
1581 4888
1404 4889
2411 4890
3673 4891
4248 4892
68 4893
4730 4894
1190 4895
1083 4896
1298 4897
2227 4898
885 4899
4383 4900
3993 4901
3409 4902
3757 4903
2005 4904
1916 4905
1900 4906
3950 4907
689 4908
4545 4909
3415 4910
1231 4911
2790 4912
4595 4913
1450 4914
1117 4915
2983 4916
2604 4917
3924 4918
3022 4919
1377 4920
1775 4921
1815 4922
4753 4923
3557 4924
698 4925
494 4926
3367 4927
3930 4928
95 4929
2594 4930
946 4931
1272 4932
2031 4933
1055 4934
3964 4935
1041 4936
4076 4937
670 4938
4519 4939
4150 4940
2025 4941
3632 4942
845 4943
1465 4944
3733 4945
4176 4946
1631 4947
2890 4948
2034 4949
1617 4950
980 4951
2945 4952
156 4953
4825 4954
1364 4955
1707 4956
4386 4957
635 4958
3990 4959
4669 4960
1989 4961
4514 4962
343 4963
3458 4964
4645 4965
4923 4966
362 4967
1756 4968
3615 4969
4894 4970
2506 4971
2658 4972
1088 4973
1676 4974
750 4975
4711 4976
3971 4977
283 4978
293 4979
4322 4980
2482 4981
3352 4982
1776 4983
4444 4984
3818 4985
599 4986
1230 4987
4922 4988
163 4989
3326 4990
3688 4991
872 4992
4588 4993
4566 4994
3715 4995
3510 4996
2487 4997
3834 4998
3591 4999
1625 5000
163 5001
3028 5002
2876 5003
1178 5004
3358 5005
4473 5006
3615 5007
3512 5008
3137 5009
4437 5010
4947 5011
3739 5012
1974 5013
3553 5014
678 5015
605 5016
2208 5017
488 5018
572 5019
4272 5020
415 5021
4883 5022
1415 5023
3443 5024
4722 5025
2823 5026
3981 5027
1322 5028
4230 5029
2151 5030
4096 5031
243 5032
3650 5033
1929 5034
1394 5035
3713 5036
2596 5037
3924 5038
2864 5039
2450 5040
4928 5041
3458 5042
3522 5043
471 5044
1365 5045
2847 5046
2916 5047
3442 5048
1929 5049
3681 5050
3212 5051
1343 5052
2884 5053
4867 5054
2362 5055
4730 5056
4805 5057
625 5058
4606 5059
2840 5060
3092 5061
1536 5062
4691 5063
5054 5064
3070 5065
2462 5066
3101 5067
3745 5068
3142 5069
2647 5070
4878 5071
2956 5072
450 5073
3400 5074
2817 5075
2246 5076
1648 5077
54 5078
831 5079
965 5080
2961 5081
4103 5082
372 5083
661 5084
3410 5085
665 5086
4689 5087
3437 5088
629 5089
2434 5090
1674 5091
2586 5092
4791 5093
4673 5094
4490 5095
4351 5096
5028 5097
314 5098
273 5099
1401 5100
1254 5101
2107 5102
4467 5103
2247 5104
3913 5105
2827 5106
1685 5107
2093 5108
557 5109
1770 5110
162 5111
1349 5112
1862 5113
3884 5114
3523 5115
2984 5116
2908 5117
3911 5118
2149 5119
3350 5120
5087 5121
2475 5122
4832 5123
1921 5124
1435 5125
1421 5126
2164 5127
2693 5128
3448 5129
2955 5130
4440 5131
4649 5132
2143 5133
2368 5134
1968 5135
2608 5136
3791 5137
287 5138
4883 5139
572 5140
429 5141
4263 5142
4633 5143
2280 5144
1732 5145
3904 5146
2469 5147
4404 5148
3619 5149
2003 5150
1034 5151
2403 5152
3111 5153
4327 5154
79 5155
1487 5156
4670 5157
4287 5158
145 5159
3326 5160
4738 5161
4753 5162
4819 5163
1733 5164
1963 5165
697 5166
1260 5167
1787 5168
660 5169
2104 5170
3825 5171
219 5172
4984 5173
3425 5174
944 5175
1347 5176
3127 5177
1549 5178
1142 5179
1226 5180
3910 5181
4975 5182
2462 5183
1010 5184
4772 5185
4429 5186
1062 5187
4587 5188
523 5189
2783 5190
4437 5191
2947 5192
2023 5193
4339 5194
1878 5195
3255 5196
1410 5197
2150 5198
2827 5199
3554 5200
2201 5201
2028 5202
3390 5203
3591 5204
3818 5205
2400 5206
266 5207
3496 5208
200 5209
222 5210
887 5211
1655 5212
1850 5213
3522 5214
806 5215
3613 5216
2043 5217
2181 5218
688 5219
693 5220
448 5221
185 5222
3193 5223
531 5224
809 5225
3673 5226
4450 5227
4934 5228
4263 5229
1225 5230
4952 5231
3485 5232
2949 5233
4939 5234
3377 5235
1634 5236
3625 5237
2306 5238
2728 5239
2001 5240
1576 5241
3029 5242
4503 5243
2310 5244
3058 5245
3405 5246
2983 5247
25 5248
3764 5249
1774 5250
2567 5251
115 5252
183 5253
4245 5254
586 5255
4119 5256
4970 5257
4035 5258
182 5259
4773 5260
4716 5261
2069 5262
4039 5263
4506 5264
4280 5265
1160 5266
4751 5267
3971 5268
2682 5269
5198 5270
64 5271
441 5272
4644 5273
1225 5274
3986 5275
2697 5276
2689 5277
3568 5278
1210 5279
2707 5280
240 5281
1851 5282
3408 5283
1371 5284
3524 5285
2943 5286
3989 5287
4775 5288
3597 5289
4562 5290
841 5291
3274 5292
701 5293
864 5294
3745 5295
3445 5296
366 5297
2144 5298
5279 5299
1351 5300
1018 5301
5167 5302
1322 5303
642 5304
4834 5305
4586 5306
699 5307
4888 5308
5011 5309
3821 5310
3646 5311
719 5312
3690 5313
2819 5314
4090 5315
4200 5316
3724 5317
2708 5318
1580 5319
1733 5320
498 5321
855 5322
2739 5323
16 5324
918 5325
4489 5326
162 5327
3061 5328
1008 5329
3296 5330
3494 5331
3 5332
3318 5333
2734 5334
3550 5335
3623 5336
4695 5337
2445 5338
3040 5339
1474 5340
185 5341
1544 5342
1547 5343
5188 5344
3717 5345
2404 5346
918 5347
447 5348
2099 5349
988 5350
507 5351
1053 5352
385 5353
3007 5354
5323 5355
4881 5356
406 5357
3141 5358
4089 5359
3926 5360
2318 5361
4847 5362
411 5363
5332 5364
1373 5365
657 5366
1505 5367
3539 5368
4579 5369
4327 5370
2105 5371
3396 5372
2860 5373
3293 5374
4710 5375
4254 5376
3725 5377
3390 5378
1068 5379
4526 5380
3769 5381
2532 5382
2802 5383
4172 5384
4817 5385
2542 5386
3850 5387
5263 5388
78 5389
1844 5390
3216 5391
3024 5392
3699 5393
3630 5394
647 5395
3537 5396
2766 5397
664 5398
3804 5399
5062 5400
3224 5401
1777 5402
2447 5403
3798 5404
5360 5405
351 5406
4409 5407
4473 5408
495 5409
2418 5410
3431 5411
3558 5412
3921 5413
4216 5414
2918 5415
813 5416
3028 5417
1278 5418
5332 5419
4032 5420
1942 5421
406 5422
5296 5423
158 5424
4179 5425
3532 5426
2882 5427
2405 5428
1109 5429
623 5430
3778 5431
3481 5432
5125 5433
2188 5434
4424 5435
3006 5436
5079 5437
5264 5438
944 5439
2706 5440
4555 5441
5267 5442
2019 5443
2142 5444
5397 5445
5444 5446
5289 5447
426 5448
3180 5449
2538 5450
3492 5451
2097 5452
467 5453
4553 5454
4048 5455
920 5456
4649 5457
3002 5458
3553 5459
2380 5460
560 5461
3308 5462
1057 5463
5291 5464
577 5465
3069 5466
2774 5467
3992 5468
4669 5469
1060 5470
2077 5471
1523 5472
2597 5473
5140 5474
3270 5475
1524 5476
3603 5477
3821 5478
4908 5479
53 5480
2804 5481
3476 5482
2912 5483
2141 5484
1696 5485
4789 5486
52 5487
3206 5488
3346 5489
181 5490
2653 5491
4102 5492
4025 5493
702 5494
3432 5495
1918 5496
576 5497
3209 5498
4968 5499
3324 5500
2782 5501
3746 5502
1869 5503
3880 5504
1266 5505
3308 5506
1493 5507
3266 5508
2852 5509
3623 5510
13 5511
4344 5512
2541 5513
1884 5514
1046 5515
820 5516
1042 5517
932 5518
960 5519
4215 5520
1069 5521
5157 5522
361 5523
2881 5524
3910 5525
3617 5526
2676 5527
4015 5528
5277 5529
3668 5530
5088 5531
5179 5532
3559 5533
556 5534
4018 5535
4849 5536
35 5537
2527 5538
1137 5539
3500 5540
4005 5541
1167 5542
2155 5543
1068 5544
1610 5545
39 5546
2291 5547
3766 5548
3090 5549
2678 5550
3493 5551
2965 5552
1020 5553
2195 5554
702 5555
1676 5556
5150 5557
2961 5558
2402 5559
1761 5560
1822 5561
4797 5562
3396 5563
422 5564
1136 5565
782 5566
2782 5567
5497 5568
647 5569
1595 5570
2042 5571
4777 5572
5283 5573
4371 5574
963 5575
3525 5576
5259 5577
2419 5578
4180 5579
4870 5580
4394 5581
832 5582
5536 5583
2254 5584
551 5585
3559 5586
1492 5587
645 5588
2224 5589
2270 5590
4431 5591
2517 5592
5124 5593
1045 5594
285 5595
485 5596
507 5597
408 5598
5158 5599
1245 5600
80 5601
2568 5602
1108 5603
3063 5604
5535 5605
1413 5606
1303 5607
5434 5608
3166 5609
1122 5610
3868 5611
5079 5612
3607 5613
5554 5614
3055 5615
3236 5616
2988 5617
3946 5618
3454 5619
4078 5620
3765 5621
4122 5622
5506 5623
5477 5624
3097 5625
3747 5626
5447 5627
3264 5628
1352 5629
3206 5630
2863 5631
799 5632
4961 5633
4823 5634
1610 5635
4714 5636
5434 5637
3562 5638
2663 5639
4487 5640
3647 5641
2089 5642
3891 5643
4144 5644
2230 5645
3327 5646
2966 5647
1835 5648
674 5649
3827 5650
4850 5651
1514 5652
524 5653
2088 5654
2385 5655
4616 5656
2291 5657
1768 5658
4452 5659
4683 5660
2143 5661
3540 5662
2331 5663
2983 5664
799 5665
2568 5666
2817 5667
4424 5668
5042 5669
3120 5670
346 5671
4877 5672
3234 5673
795 5674
1603 5675
5394 5676
1942 5677
5405 5678
333 5679
3052 5680
1107 5681
2598 5682
3959 5683
1793 5684
805 5685
5412 5686
1632 5687
3544 5688
4452 5689
5220 5690
3954 5691
3547 5692
2908 5693
4223 5694
125 5695
1406 5696
4133 5697
448 5698
5314 5699
5690 5700
892 5701
3340 5702
5391 5703
2106 5704
1355 5705
4829 5706
5071 5707
1182 5708
1287 5709
876 5710
3913 5711
5142 5712
2938 5713
4415 5714
4802 5715
2043 5716
3916 5717
2315 5718
1958 5719
5205 5720
1002 5721
1894 5722
1603 5723
5424 5724
2125 5725
4533 5726
3492 5727
2965 5728
1655 5729
2313 5730
3230 5731
1417 5732
4705 5733
5146 5734
4024 5735
2134 5736
214 5737
3413 5738
5717 5739
5344 5740
4318 5741
3878 5742
2165 5743
1814 5744
5415 5745
1105 5746
1071 5747
3504 5748
1996 5749
4054 5750
5008 5751
2373 5752
1826 5753
5612 5754
4982 5755
2451 5756
1490 5757
4301 5758
1110 5759
4241 5760
1684 5761
3579 5762
4601 5763
1100 5764
833 5765
2997 5766
362 5767
404 5768
4107 5769
3399 5770
5391 5771
5302 5772
1976 5773
5707 5774
25 5775
4071 5776
80 5777
4545 5778
237 5779
4079 5780
4782 5781
184 5782
5401 5783
2819 5784
1535 5785
1703 5786
5621 5787
5600 5788
5024 5789
3321 5790
2662 5791
1256 5792
4372 5793
3993 5794
5462 5795
1568 5796
4050 5797
4284 5798
4506 5799
3340 5800
873 5801
3856 5802
4094 5803
275 5804
387 5805
1367 5806
3077 5807
5379 5808
4498 5809
3497 5810
3666 5811
2417 5812
5223 5813
3975 5814
2710 5815
675 5816
4860 5817
1148 5818
4802 5819
3546 5820
2202 5821
5607 5822
143 5823
5504 5824
476 5825
3117 5826
3195 5827
1492 5828
4925 5829
4398 5830
4481 5831
2165 5832
3401 5833
2937 5834
1616 5835
2117 5836
4186 5837
4265 5838
2677 5839
2603 5840
1412 5841
620 5842
4961 5843
1520 5844
5538 5845
4293 5846
5411 5847
519 5848
685 5849
4318 5850
2019 5851
2681 5852
3120 5853
5773 5854
3566 5855
1908 5856
4234 5857
2544 5858
65 5859
5574 5860
609 5861
5597 5862
1156 5863
3807 5864
4024 5865
804 5866
2206 5867
2476 5868
2344 5869
756 5870
3615 5871
5350 5872
1667 5873
5583 5874
267 5875
2376 5876
4035 5877
689 5878
5492 5879
1311 5880
1069 5881
2385 5882
3421 5883
4064 5884
3487 5885
420 5886
5378 5887
5127 5888
4543 5889
3657 5890
1059 5891
1967 5892
3798 5893
3273 5894
171 5895
2084 5896
4271 5897
5458 5898
4730 5899
1598 5900
5595 5901
591 5902
1079 5903
2762 5904
3117 5905
711 5906
5193 5907
2878 5908
4644 5909
4921 5910
2024 5911
4155 5912
3049 5913
503 5914
939 5915
2886 5916
2987 5917
5575 5918
199 5919
2389 5920
3126 5921
1031 5922
4333 5923
1628 5924
2143 5925
1214 5926
4660 5927
529 5928
3038 5929
1488 5930
1222 5931
1650 5932
2829 5933
2489 5934
1929 5935
3940 5936
2382 5937
5003 5938
4490 5939
2539 5940
5302 5941
4644 5942
4282 5943
1770 5944
712 5945
4835 5946
627 5947
5363 5948
1735 5949
2983 5950
1348 5951
5320 5952
4946 5953
5721 5954
4510 5955
5168 5956
166 5957
267 5958
4453 5959
3630 5960
1226 5961
934 5962
4535 5963
4072 5964
1454 5965
5407 5966
336 5967
3087 5968
213 5969
5161 5970
3181 5971
4480 5972
326 5973
1815 5974
3686 5975
3878 5976
2161 5977
736 5978
3677 5979
422 5980
2715 5981
1271 5982
616 5983
3404 5984
5498 5985
3973 5986
3797 5987
2028 5988
2394 5989
4554 5990
1287 5991
5341 5992
1063 5993
5324 5994
361 5995
2181 5996
397 5997
4752 5998
4250 5999
5828 6000
4466 6001
1979 6002
1101 6003
2576 6004
2626 6005
274 6006
3320 6007
5253 6008
1509 6009
5403 6010
1454 6011
10 6012
3512 6013
2306 6014
750 6015
5510 6016
4241 6017
3704 6018
3341 6019
554 6020
1611 6021
2484 6022
2124 6023
3916 6024
1821 6025
4398 6026
3934 6027
4579 6028
5083 6029
1844 6030
3713 6031
2589 6032
5327 6033
2515 6034
251 6035
868 6036
3648 6037
2914 6038
4717 6039
4553 6040
4172 6041
3606 6042
5586 6043
2500 6044
5747 6045
395 6046
4085 6047
639 6048
5337 6049
1456 6050
65 6051
4133 6052
5771 6053
5625 6054
3062 6055
4921 6056
1513 6057
698 6058
5425 6059
531 6060
677 6061
2625 6062
3669 6063
2469 6064
2864 6065
1710 6066
4156 6067
219 6068
5458 6069
1922 6070
819 6071
3853 6072
822 6073
1533 6074
5233 6075
2208 6076
176 6077
2265 6078
2622 6079
4300 6080
3661 6081
4130 6082
347 6083
300 6084
2899 6085
994 6086
1120 6087
242 6088
5710 6089
2381 6090
5698 6091
2256 6092
1008 6093
1803 6094
5881 6095
1977 6096
1552 6097
1530 6098
2090 6099
3525 6100
4694 6101
3940 6102
532 6103
1536 6104
1961 6105
358 6106
4288 6107
4633 6108
5956 6109
366 6110
1557 6111
4171 6112
2231 6113
5257 6114
789 6115
969 6116
1289 6117
4682 6118
862 6119
6080 6120
3743 6121
1830 6122
4611 6123
2674 6124
2619 6125
2099 6126
5906 6127
2756 6128
4309 6129
3089 6130
5914 6131
1650 6132
682 6133
2954 6134
1407 6135
5654 6136
628 6137
4962 6138
4066 6139
4961 6140
2220 6141
5791 6142
4911 6143
2895 6144
6016 6145
4101 6146
3571 6147
4232 6148
1401 6149
2198 6150
2917 6151
679 6152
691 6153
2314 6154
2541 6155
5522 6156
4931 6157
6071 6158
1621 6159
5973 6160
2613 6161
2923 6162
3262 6163
5138 6164
5446 6165
5400 6166
144 6167
4252 6168
5870 6169
5001 6170
5266 6171
3393 6172
3163 6173
6041 6174
2756 6175
3551 6176
555 6177
5311 6178
3974 6179
2290 6180
5227 6181
1060 6182
3997 6183
2194 6184
3946 6185
1077 6186
720 6187
5351 6188
1601 6189
4007 6190
3812 6191
5927 6192
4211 6193
1414 6194
5338 6195
5648 6196
1863 6197
5752 6198
623 6199
4814 6200
5705 6201
3966 6202
4192 6203
4783 6204
2970 6205
3244 6206
1874 6207
706 6208
4667 6209
1706 6210
3445 6211
5996 6212
4079 6213
5858 6214
2961 6215
1843 6216
2971 6217
5789 6218
2225 6219
6127 6220
5572 6221
1015 6222
2781 6223
2032 6224
5490 6225
872 6226
1238 6227
3122 6228
6069 6229
5159 6230
5393 6231
3020 6232
473 6233
3657 6234
5679 6235
3648 6236
973 6237
1995 6238
4832 6239
530 6240
4328 6241
1768 6242
1504 6243
4253 6244
4912 6245
5333 6246
3099 6247
1133 6248
3036 6249
2682 6250
6064 6251
1572 6252
642 6253
2967 6254
5586 6255
2080 6256
5818 6257
72 6258
3575 6259
4636 6260
3057 6261
61 6262
2312 6263
655 6264
3722 6265
5078 6266
3670 6267
6077 6268
5696 6269
4929 6270
1881 6271
1505 6272
2066 6273
3797 6274
2575 6275
2700 6276
2573 6277
2168 6278
4107 6279
4621 6280
4863 6281
1701 6282
4759 6283
4571 6284
5577 6285
3742 6286
90 6287
2227 6288
3780 6289
5235 6290
1536 6291
4776 6292
3715 6293
4584 6294
3554 6295
3575 6296
2718 6297
811 6298
3160 6299
3159 6300
1019 6301
6201 6302
5495 6303
2077 6304
4109 6305
1300 6306
3783 6307
923 6308
2044 6309
4036 6310
5778 6311
5887 6312
6079 6313
4343 6314
2238 6315
3350 6316
1512 6317
6258 6318
2595 6319
587 6320
5122 6321
4623 6322
2522 6323
1818 6324
1605 6325
5265 6326
5775 6327
2544 6328
5268 6329
4258 6330
5248 6331
3013 6332
350 6333
654 6334
5881 6335
2576 6336
868 6337
2607 6338
3931 6339
2731 6340
2310 6341
3323 6342
3299 6343
2700 6344
961 6345
2159 6346
1013 6347
2328 6348
3663 6349
5892 6350
4212 6351
3562 6352
233 6353
3370 6354
5709 6355
2892 6356
2264 6357
4971 6358
5473 6359
167 6360
1532 6361
271 6362
5054 6363
3743 6364
2356 6365
2646 6366
5905 6367
4147 6368
1916 6369
3188 6370
1739 6371
4661 6372
9 6373
4672 6374
5242 6375
3373 6376
5673 6377
6161 6378
4662 6379
4906 6380
1554 6381
5037 6382
958 6383
943 6384
1539 6385
2688 6386
3994 6387
3981 6388
1001 6389
293 6390
6200 6391
5770 6392
406 6393
1055 6394
5022 6395
1633 6396
750 6397
4907 6398
460 6399
127 6400
3081 6401
6192 6402
2415 6403
3146 6404
3866 6405
839 6406
6033 6407
217 6408
3367 6409
3424 6410
2607 6411
864 6412
3316 6413
5895 6414
699 6415
5093 6416
5800 6417
5867 6418
2510 6419
4121 6420
3413 6421
3367 6422
4164 6423
3010 6424
4210 6425
4816 6426
4462 6427
1091 6428
2222 6429
4370 6430
4140 6431
1975 6432
1365 6433
2566 6434
3057 6435
2914 6436
3682 6437
340 6438
2646 6439
2783 6440
4 6441
1707 6442
4434 6443
5604 6444
457 6445
2649 6446
3679 6447
2520 6448
3084 6449
4286 6450
1189 6451
2597 6452
4324 6453
2089 6454
5671 6455
5528 6456
5817 6457
5333 6458
4694 6459
2082 6460
2678 6461
5643 6462
1241 6463
2251 6464
1673 6465
1260 6466
1134 6467
5199 6468
374 6469
498 6470
1504 6471
89 6472
3137 6473
4166 6474
5564 6475
1956 6476
598 6477
1787 6478
5937 6479
3442 6480
4533 6481
2734 6482
2241 6483
1335 6484
1903 6485
2339 6486
1377 6487
70 6488
1771 6489
919 6490
6216 6491
5801 6492
3276 6493
2797 6494
5739 6495
1952 6496
5195 6497
5955 6498
6296 6499
2859 6500
4508 6501
2547 6502
5026 6503
2074 6504
2371 6505
5040 6506
4544 6507
796 6508
3892 6509
1563 6510
3690 6511
6483 6512
268 6513
1198 6514
660 6515
522 6516
4955 6517
491 6518
3232 6519
1402 6520
3405 6521
2539 6522
4579 6523
96 6524
6083 6525
4605 6526
5345 6527
6363 6528
713 6529
2908 6530
1968 6531
1776 6532
442 6533
2742 6534
3300 6535
4209 6536
2908 6537
4771 6538
5761 6539
1342 6540
1317 6541
4677 6542
447 6543
6235 6544
3544 6545
6152 6546
3518 6547
1686 6548
5582 6549
231 6550
891 6551
2199 6552
120 6553
5674 6554
4602 6555
2279 6556
2001 6557
1232 6558
5754 6559
3408 6560
6313 6561
3368 6562
5448 6563
1442 6564
853 6565
660 6566
1641 6567
5952 6568
6339 6569
4921 6570
2014 6571
4962 6572
3410 6573
606 6574
1438 6575
4426 6576
1461 6577
3261 6578
1775 6579
5224 6580
772 6581
1235 6582
4342 6583
2369 6584
1952 6585
3398 6586
5764 6587
3305 6588
1406 6589
285 6590
5157 6591
5361 6592
2710 6593
1155 6594
1832 6595
4381 6596
3201 6597
4229 6598
6331 6599
6533 6600
5864 6601
668 6602
3077 6603
643 6604
3450 6605
2470 6606
1917 6607
168 6608
271 6609
479 6610
2218 6611
4450 6612
2489 6613
2358 6614
2828 6615
6400 6616
2954 6617
4493 6618
1656 6619
4293 6620
3387 6621
2094 6622
1868 6623
1210 6624
3353 6625
5863 6626
3509 6627
6214 6628
4579 6629
3146 6630
1900 6631
4217 6632
1759 6633
231 6634
2748 6635
5369 6636
4294 6637
1309 6638
1936 6639
3383 6640
3423 6641
5649 6642
4078 6643
2505 6644
5187 6645
3048 6646
3709 6647
3525 6648
1259 6649
4770 6650
1018 6651
191 6652
58 6653
1856 6654
3268 6655
5483 6656
5368 6657
1759 6658
6054 6659
5476 6660
1139 6661
5034 6662
5384 6663
3450 6664
1364 6665
4634 6666
1681 6667
5467 6668
5056 6669
2794 6670
119 6671
1923 6672
3793 6673
713 6674
2314 6675
770 6676
6263 6677
2421 6678
4263 6679
5246 6680
5536 6681
3666 6682
1363 6683
6030 6684
512 6685
2700 6686
2655 6687
5715 6688
1427 6689
6330 6690
2563 6691
3604 6692
5236 6693
3042 6694
2649 6695
2781 6696
3138 6697
2491 6698
4875 6699
2824 6700
3781 6701
4055 6702
1821 6703
1845 6704
6010 6705
1604 6706
4884 6707
2722 6708
5850 6709
5436 6710
723 6711
2307 6712
1413 6713
5777 6714
1981 6715
1396 6716
3749 6717
3558 6718
2679 6719
6368 6720
3667 6721
2504 6722
3024 6723
4537 6724
2599 6725
4175 6726
5719 6727
63 6728
466 6729
1257 6730
3239 6731
3250 6732
507 6733
6002 6734
941 6735
3324 6736
712 6737
3919 6738
1646 6739
3318 6740
6228 6741
6200 6742
829 6743
946 6744
4812 6745
267 6746
3413 6747
4542 6748
1413 6749
805 6750
4705 6751
5569 6752
2418 6753
632 6754
1304 6755
3048 6756
137 6757
474 6758
1615 6759
3296 6760
4270 6761
6335 6762
2180 6763
5752 6764
1950 6765
3863 6766
6282 6767
6726 6768
6313 6769
2198 6770
2695 6771
4275 6772
603 6773
4572 6774
1375 6775
5592 6776
5058 6777
6637 6778
4676 6779
6595 6780
5538 6781
4505 6782
108 6783
4753 6784
4227 6785
5923 6786
6446 6787
3849 6788
1280 6789
1826 6790
4499 6791
4381 6792
916 6793
1721 6794
719 6795
4074 6796
4428 6797
2659 6798
3488 6799
6433 6800
3975 6801
1877 6802
5898 6803
2568 6804
952 6805
2385 6806
6666 6807
2660 6808
3532 6809
4346 6810
3597 6811
2174 6812
4835 6813
2645 6814
2879 6815
304 6816
4237 6817
969 6818
4800 6819
5917 6820
3911 6821
1078 6822
941 6823
5694 6824
5098 6825
4412 6826
3334 6827
4674 6828
5466 6829
4219 6830
5285 6831
5465 6832
1390 6833
3516 6834
86 6835
1837 6836
3794 6837
296 6838
6617 6839
4632 6840
6705 6841
5385 6842
3823 6843
5663 6844
500 6845
4578 6846
2903 6847
1874 6848
2811 6849
3660 6850
2148 6851
508 6852
4759 6853
5239 6854
3106 6855
6110 6856
454 6857
4295 6858
6653 6859
2699 6860
2238 6861
6848 6862
6733 6863
5639 6864
1897 6865
4554 6866
2940 6867
784 6868
560 6869
2981 6870
2288 6871
366 6872
5487 6873
5593 6874
4357 6875
2639 6876
5876 6877
4486 6878
2826 6879
2496 6880
3346 6881
2194 6882
3894 6883
4404 6884
4559 6885
3746 6886
4204 6887
6869 6888
3523 6889
5741 6890
6094 6891
2482 6892
3903 6893
3286 6894
2796 6895
5003 6896
5050 6897
6882 6898
6267 6899
5084 6900
2642 6901
5915 6902
1577 6903
2782 6904
4115 6905
3243 6906
618 6907
4009 6908
5378 6909
3199 6910
5475 6911
3990 6912
3008 6913
1687 6914
4485 6915
2126 6916
3882 6917
6349 6918
480 6919
6823 6920
239 6921
6385 6922
3923 6923
670 6924
4414 6925
2889 6926
1571 6927
6854 6928
6916 6929
109 6930
5633 6931
3296 6932
4358 6933
4412 6934
5860 6935
3517 6936
4328 6937
6567 6938
5671 6939
3143 6940
635 6941
4901 6942
3669 6943
5322 6944
1424 6945
1248 6946
3339 6947
4732 6948
6533 6949
3958 6950
3858 6951
1896 6952
4945 6953
6757 6954
4972 6955
3917 6956
2457 6957
2626 6958
1830 6959
4702 6960
1606 6961
3341 6962
2228 6963
690 6964
3935 6965
6446 6966
3343 6967
1319 6968
4386 6969
1727 6970
1500 6971
4948 6972
1148 6973
601 6974
631 6975
2890 6976
5004 6977
6223 6978
718 6979
5245 6980
3094 6981
2913 6982
2187 6983
1576 6984
487 6985
2928 6986
756 6987
5929 6988
6951 6989
4909 6990
6251 6991
4557 6992
2286 6993
5076 6994
2520 6995
5929 6996
6337 6997
5565 6998
3085 6999
6273 7000
4725 7001
4038 7002
4164 7003
4196 7004
6876 7005
2199 7006
5600 7007
3502 7008
6761 7009
5513 7010
3290 7011
768 7012
2647 7013
4379 7014
674 7015
3150 7016
4078 7017
2965 7018
4646 7019
3257 7020
5272 7021
4500 7022
3108 7023
2512 7024
4003 7025
1907 7026
1092 7027
3306 7028
6268 7029
4730 7030
3160 7031
3085 7032
2907 7033
5362 7034
243 7035
5958 7036
4431 7037
6929 7038
6819 7039
6979 7040
824 7041
4620 7042
1721 7043
2753 7044
4256 7045
4254 7046
985 7047
6157 7048
2381 7049
6133 7050
5568 7051
5784 7052
167 7053
228 7054
2465 7055
6604 7056
2895 7057
7020 7058
5102 7059
1215 7060
4201 7061
5920 7062
4848 7063
2762 7064
324 7065
1467 7066
579 7067
6875 7068
2817 7069
106 7070
4898 7071
5888 7072
1211 7073
5583 7074
4686 7075
4083 7076
3354 7077
4555 7078
3814 7079
5279 7080
707 7081
5300 7082
5124 7083
6117 7084
4622 7085
5559 7086
4587 7087
1189 7088
390 7089
6646 7090
2729 7091
4922 7092
2492 7093
362 7094
6871 7095
3134 7096
4314 7097
5234 7098
3890 7099
2396 7100
1963 7101
3984 7102
1839 7103
5942 7104
4822 7105
4881 7106
758 7107
6318 7108
2552 7109
403 7110
3998 7111
3706 7112
3738 7113
1350 7114
4783 7115
4602 7116
981 7117
2063 7118
7094 7119
1984 7120
6379 7121
983 7122
6749 7123
3953 7124
6903 7125
4095 7126
6420 7127
6943 7128
823 7129
1734 7130
1500 7131
4804 7132
2343 7133
4628 7134
1890 7135
6555 7136
4550 7137
3769 7138
4804 7139
452 7140
2003 7141
6262 7142
1249 7143
802 7144
6457 7145
6218 7146
3623 7147
1143 7148
3898 7149
5027 7150
1243 7151
6587 7152
6116 7153
1319 7154
3357 7155
3751 7156
2152 7157
2550 7158
3192 7159
4905 7160
4142 7161
3803 7162
1070 7163
2371 7164
6919 7165
182 7166
884 7167
2995 7168
5796 7169
4820 7170
5399 7171
86 7172
638 7173
3869 7174
4412 7175
6734 7176
3934 7177
2013 7178
1216 7179
2961 7180
229 7181
6774 7182
5131 7183
4603 7184
1057 7185
6794 7186
6766 7187
2946 7188
381 7189
2969 7190
162 7191
389 7192
6412 7193
4024 7194
4836 7195
6194 7196
5630 7197
6277 7198
3737 7199
304 7200
5841 7201
6307 7202
1420 7203
4426 7204
69 7205
396 7206
280 7207
4785 7208
4965 7209
1086 7210
2639 7211
2135 7212
3982 7213
6543 7214
6635 7215
947 7216
2664 7217
4202 7218
6974 7219
5732 7220
6338 7221
1651 7222
2700 7223
1838 7224
6315 7225
5922 7226
1926 7227
4346 7228
4348 7229
5168 7230
384 7231
6242 7232
2678 7233
6936 7234
3566 7235
5810 7236
5756 7237
3674 7238
124 7239
3177 7240
2902 7241
725 7242
4054 7243
1453 7244
4203 7245
6659 7246
5319 7247
4992 7248
2183 7249
96 7250
1759 7251
718 7252
1931 7253
4565 7254
4343 7255
750 7256
6089 7257
616 7258
1645 7259
4424 7260
2123 7261
6705 7262
4102 7263
4229 7264
2740 7265
6622 7266
7071 7267
568 7268
5623 7269
2706 7270
2086 7271
3688 7272
929 7273
1740 7274
5936 7275
1236 7276
1391 7277
4716 7278
5505 7279
4163 7280
6555 7281
6947 7282
5308 7283
5817 7284
4685 7285
6203 7286
4166 7287
2724 7288
516 7289
1645 7290
7018 7291
2192 7292
6559 7293
434 7294
5824 7295
269 7296
3700 7297
2724 7298
3670 7299
5866 7300
4374 7301
1657 7302
6440 7303
300 7304
3973 7305
3773 7306
1447 7307
4586 7308
1396 7309
3305 7310
5793 7311
277 7312
2134 7313
1779 7314
5198 7315
6696 7316
1359 7317
7020 7318
6780 7319
6916 7320
6909 7321
6476 7322
7035 7323
2244 7324
4647 7325
2571 7326
3305 7327
3288 7328
6464 7329
1761 7330
2956 7331
7141 7332
3583 7333
5346 7334
3293 7335
7216 7336
5218 7337
2366 7338
5209 7339
2184 7340
928 7341
3720 7342
6762 7343
3932 7344
1966 7345
600 7346
6479 7347
3743 7348
3496 7349
5342 7350
2946 7351
4253 7352
3982 7353
4755 7354
5164 7355
718 7356
7311 7357
564 7358
7111 7359
3433 7360
7119 7361
1791 7362
1579 7363
3007 7364
4389 7365
3059 7366
5425 7367
3839 7368
1513 7369
5430 7370
531 7371
2650 7372
7227 7373
2705 7374
1552 7375
158 7376
32 7377
4497 7378
342 7379
569 7380
3569 7381
405 7382
2486 7383
1438 7384
3176 7385
1357 7386
4295 7387
3119 7388
3196 7389
3842 7390
842 7391
5941 7392
1916 7393
6610 7394
3248 7395
1388 7396
1770 7397
2465 7398
4939 7399
5252 7400
5276 7401
3893 7402
1809 7403
2045 7404
2709 7405
2485 7406
160 7407
4508 7408
5149 7409
3292 7410
2214 7411
5932 7412
2567 7413
6560 7414
6504 7415
3405 7416
2104 7417
878 7418
5512 7419
5799 7420
4364 7421
2147 7422
756 7423
7205 7424
1626 7425
6542 7426
4933 7427
3531 7428
5285 7429
117 7430
3013 7431
1086 7432
3284 7433
951 7434
1730 7435
618 7436
2988 7437
1110 7438
5150 7439
5928 7440
2983 7441
243 7442
4473 7443
5266 7444
2665 7445
2443 7446
7420 7447
1039 7448
1421 7449
6689 7450
5555 7451
4957 7452
4468 7453
3536 7454
4706 7455
7219 7456
4237 7457
5444 7458
350 7459
721 7460
5073 7461
4576 7462
1211 7463
3276 7464
1251 7465
1392 7466
60 7467
6699 7468
6549 7469
7376 7470
633 7471
3248 7472
419 7473
1335 7474
1687 7475
892 7476
5976 7477
2251 7478
1310 7479
4905 7480
3515 7481
365 7482
2305 7483
987 7484
6538 7485
2376 7486
3884 7487
1398 7488
1961 7489
70 7490
5402 7491
2428 7492
1665 7493
1769 7494
347 7495
2703 7496
332 7497
2047 7498
7007 7499
4783 7500
7497 7501
1580 7502
3564 7503
1785 7504
2582 7505
6808 7506
4648 7507
4721 7508
261 7509
2854 7510
777 7511
4307 7512
1610 7513
3343 7514
4843 7515
6310 7516
6462 7517
5314 7518
405 7519
2045 7520
4501 7521
4073 7522
414 7523
2156 7524
4429 7525
5783 7526
4553 7527
6928 7528
2298 7529
3987 7530
3799 7531
6643 7532
764 7533
6173 7534
3954 7535
2995 7536
2194 7537
3230 7538
4493 7539
5838 7540
881 7541
7377 7542
268 7543
5346 7544
6777 7545
6384 7546
1605 7547
7269 7548
5605 7549
3605 7550
4901 7551
4622 7552
6199 7553
6294 7554
5982 7555
1765 7556
4941 7557
3017 7558
7125 7559
339 7560
7437 7561
640 7562
6489 7563
1061 7564
6706 7565
802 7566
6520 7567
7318 7568
3095 7569
4634 7570
1946 7571
7121 7572
977 7573
5905 7574
5369 7575
412 7576
4794 7577
4604 7578
2121 7579
4865 7580
1254 7581
6366 7582
420 7583
1671 7584
5648 7585
1684 7586
3770 7587
5824 7588
845 7589
3096 7590
6327 7591
2862 7592
3195 7593
5652 7594
2000 7595
2085 7596
1666 7597
6522 7598
1607 7599
5920 7600
813 7601
2377 7602
1153 7603
403 7604
174 7605
6878 7606
5587 7607
1173 7608
1066 7609
3959 7610
6341 7611
334 7612
4350 7613
1182 7614
1545 7615
3881 7616
3688 7617
3207 7618
5641 7619
5814 7620
904 7621
7318 7622
2162 7623
6372 7624
2274 7625
7286 7626
7183 7627
6895 7628
3347 7629
5330 7630
2904 7631
372 7632
3130 7633
3905 7634
1081 7635
7069 7636
6929 7637
5553 7638
5429 7639
1166 7640
4547 7641
2115 7642
5508 7643
4303 7644
3954 7645
1767 7646
1044 7647
714 7648
4304 7649
6078 7650
6392 7651
7515 7652
2884 7653
253 7654
1403 7655
7079 7656
3042 7657
4465 7658
5108 7659
7588 7660
7620 7661
4933 7662
5959 7663
6624 7664
3151 7665
5696 7666
807 7667
6598 7668
3996 7669
4026 7670
6476 7671
221 7672
6698 7673
1704 7674
4217 7675
6698 7676
4566 7677
5024 7678
917 7679
4201 7680
3115 7681
1882 7682
5885 7683
405 7684
4135 7685
7258 7686
1471 7687
3966 7688
914 7689
180 7690
2752 7691
5175 7692
6070 7693
4180 7694
1773 7695
1188 7696
7549 7697
3697 7698
6749 7699
1491 7700
5389 7701
6335 7702
5158 7703
4848 7704
1986 7705
7296 7706
3251 7707
4515 7708
6028 7709
4478 7710
1796 7711
1345 7712
1112 7713
809 7714
5678 7715
4476 7716
5241 7717
6320 7718
4993 7719
350 7720
2498 7721
6213 7722
1775 7723
2521 7724
4352 7725
3700 7726
1415 7727
5824 7728
2355 7729
4819 7730
176 7731
1320 7732
5780 7733
7432 7734
1380 7735
1960 7736
4070 7737
5836 7738
5895 7739
4283 7740
4094 7741
5436 7742
2915 7743
383 7744
4013 7745
7573 7746
4276 7747
1574 7748
6891 7749
5120 7750
7312 7751
5453 7752
1488 7753
6917 7754
2251 7755
5209 7756
3439 7757
7172 7758
2582 7759
2082 7760
1921 7761
331 7762
6431 7763
3517 7764
1080 7765
2033 7766
6097 7767
2611 7768
7131 7769
4887 7770
6492 7771
2489 7772
6033 7773
5340 7774
3615 7775
2851 7776
4529 7777
7208 7778
7533 7779
189 7780
5585 7781
2450 7782
7698 7783
5015 7784
5150 7785
2513 7786
2395 7787
2983 7788
2130 7789
3889 7790
7552 7791
3161 7792
217 7793
7498 7794
4882 7795
5918 7796
2416 7797
3166 7798
4759 7799
401 7800
1993 7801
1269 7802
1035 7803
3989 7804
3857 7805
694 7806
6623 7807
7107 7808
1726 7809
1795 7810
773 7811
3088 7812
4538 7813
5852 7814
6364 7815
430 7816
2226 7817
3152 7818
4355 7819
1194 7820
4016 7821
6084 7822
5484 7823
1391 7824
3623 7825
4344 7826
4118 7827
833 7828
6368 7829
1870 7830
2698 7831
1528 7832
4759 7833
3379 7834
7030 7835
3243 7836
2409 7837
4917 7838
1043 7839
6842 7840
1942 7841
6949 7842
1562 7843
6894 7844
4232 7845
4974 7846
1618 7847
1489 7848
6528 7849
582 7850
6647 7851
2330 7852
6092 7853
4248 7854
4839 7855
3036 7856
2724 7857
7258 7858
4949 7859
1295 7860
9 7861
4231 7862
5556 7863
639 7864
6456 7865
1600 7866
697 7867
1166 7868
2352 7869
1938 7870
3595 7871
6019 7872
4159 7873
446 7874
7350 7875
4258 7876
2904 7877
671 7878
1438 7879
6127 7880
804 7881
1062 7882
2239 7883
1537 7884
6751 7885
2476 7886
5574 7887
7765 7888
3115 7889
3711 7890
1672 7891
4109 7892
5929 7893
4713 7894
2101 7895
3167 7896
1778 7897
4653 7898
5554 7899
3486 7900
4590 7901
7473 7902
6389 7903
3390 7904
5963 7905
3034 7906
1257 7907
3148 7908
3493 7909
2886 7910
7528 7911
302 7912
7893 7913
6460 7914
6532 7915
2830 7916
5208 7917
2997 7918
2454 7919
3799 7920
4117 7921
1729 7922
6935 7923
5569 7924
2743 7925
1198 7926
6712 7927
7204 7928
499 7929
5100 7930
5919 7931
1506 7932
6435 7933
2966 7934
4961 7935
6193 7936
2264 7937
2628 7938
1238 7939
5473 7940
2162 7941
4422 7942
1978 7943
5088 7944
3456 7945
4783 7946
694 7947
5851 7948
4956 7949
2849 7950
2876 7951
2980 7952
4709 7953
3033 7954
4460 7955
2826 7956
788 7957
5232 7958
284 7959
5850 7960
3674 7961
2530 7962
3343 7963
7181 7964
6061 7965
38 7966
7367 7967
6803 7968
4620 7969
7795 7970
3340 7971
5423 7972
3893 7973
3143 7974
7709 7975
7418 7976
5854 7977
3866 7978
7855 7979
781 7980
781 7981
3339 7982
7763 7983
4080 7984
1941 7985
532 7986
1449 7987
6843 7988
5610 7989
1107 7990
7038 7991
5861 7992
3171 7993
7547 7994
2381 7995
5773 7996
4053 7997
1235 7998
4986 7999
7082 8000
5175 8001
2553 8002
3617 8003
942 8004
510 8005
264 8006
7084 8007
5709 8008
2639 8009
6671 8010
6846 8011
274 8012
5590 8013
3532 8014
7757 8015
1081 8016
3823 8017
1893 8018
2428 8019
3466 8020
1780 8021
78 8022
1509 8023
6126 8024
1735 8025
4606 8026
6427 8027
5592 8028
5141 8029
5001 8030
7226 8031
6025 8032
1899 8033
6464 8034
3846 8035
225 8036
5972 8037
2261 8038
8 8039
149 8040
7425 8041
5896 8042
6158 8043
1863 8044
202 8045
766 8046
1923 8047
4238 8048
4071 8049
2814 8050
3445 8051
1035 8052
3289 8053
3808 8054
4630 8055
5164 8056
4925 8057
6793 8058
5803 8059
3468 8060
6319 8061
2883 8062
6934 8063
8039 8064
1749 8065
3348 8066
4789 8067
1440 8068
575 8069
4430 8070
3148 8071
7290 8072
3530 8073
3251 8074
4425 8075
5124 8076
327 8077
2899 8078
1027 8079
352 8080
1045 8081
5649 8082
7056 8083
4398 8084
7283 8085
5803 8086
4405 8087
7886 8088
3224 8089
1003 8090
2035 8091
2852 8092
1101 8093
966 8094
5095 8095
6805 8096
1752 8097
184 8098
2678 8099
8009 8100
3221 8101
5729 8102
3781 8103
3403 8104
3102 8105
2430 8106
4327 8107
1404 8108
4787 8109
862 8110
6023 8111
6263 8112
7475 8113
2681 8114
505 8115
6429 8116
3582 8117
8005 8118
1999 8119
7855 8120
2275 8121
6001 8122
1207 8123
1620 8124
5341 8125
2840 8126
5865 8127
5353 8128
3561 8129
1509 8130
5988 8131
6402 8132
5917 8133
1450 8134
7521 8135
5486 8136
7799 8137
2824 8138
2536 8139
7584 8140
2808 8141
4788 8142
8002 8143
1616 8144
537 8145
5673 8146
8097 8147
5995 8148
261 8149
1728 8150
1320 8151
6114 8152
7614 8153
4314 8154
3742 8155
5640 8156
3404 8157
6780 8158
4133 8159
5976 8160
3184 8161
1264 8162
4198 8163
1324 8164
6101 8165
7600 8166
321 8167
3882 8168
2495 8169
3465 8170
4598 8171
2366 8172
1615 8173
4444 8174
203 8175
6488 8176
5219 8177
4823 8178
4608 8179
6203 8180
8036 8181
862 8182
3825 8183
6369 8184
4582 8185
6708 8186
963 8187
2438 8188
5471 8189
1140 8190
1402 8191
4515 8192
414 8193
8115 8194
8009 8195
3336 8196
5062 8197
4602 8198
1932 8199
243 8200
7356 8201
698 8202
2191 8203
3788 8204
607 8205
5211 8206
5294 8207
1364 8208
174 8209
3347 8210
1248 8211
2780 8212
992 8213
6106 8214
5266 8215
2551 8216
3415 8217
7644 8218
5348 8219
1460 8220
6835 8221
2986 8222
7195 8223
6196 8224
4219 8225
2896 8226
4742 8227
5835 8228
1427 8229
5041 8230
1244 8231
1254 8232
6157 8233
4846 8234
8139 8235
3785 8236
3705 8237
6575 8238
7286 8239
199 8240
4003 8241
7706 8242
5868 8243
7431 8244
7067 8245
6426 8246
5523 8247
4179 8248
4460 8249
6360 8250
6629 8251
6801 8252
1440 8253
4051 8254
4933 8255
425 8256
4056 8257
1019 8258
3453 8259
5602 8260
3349 8261
4829 8262
8227 8263
657 8264
2019 8265
88 8266
2471 8267
4879 8268
5767 8269
2786 8270
1662 8271
2022 8272
7398 8273
7400 8274
378 8275
3212 8276
879 8277
6638 8278
4015 8279
5326 8280
2317 8281
3760 8282
6178 8283
2855 8284
5381 8285
5500 8286
2666 8287
5769 8288
4177 8289
237 8290
7154 8291
2887 8292
2162 8293
55 8294
7497 8295
5893 8296
8012 8297
5072 8298
7922 8299
2167 8300
4925 8301
6076 8302
5653 8303
1407 8304
925 8305
586 8306
5201 8307
1234 8308
7562 8309
2312 8310
6809 8311
3248 8312
33 8313
1165 8314
1775 8315
1989 8316
3444 8317
6785 8318
6815 8319
2753 8320
5732 8321
6485 8322
2881 8323
5538 8324
1503 8325
1105 8326
6246 8327
7337 8328
5027 8329
5080 8330
5593 8331
3502 8332
664 8333
7467 8334
6128 8335
2844 8336
5655 8337
4674 8338
5405 8339
6679 8340
2173 8341
4037 8342
2563 8343
2486 8344
981 8345
3109 8346
4417 8347
2675 8348
2749 8349
1878 8350
7252 8351
6258 8352
4849 8353
3067 8354
514 8355
271 8356
7282 8357
5252 8358
2952 8359
7152 8360
3131 8361
3079 8362
1695 8363
7499 8364
6468 8365
5811 8366
5522 8367
4998 8368
43 8369
1461 8370
7055 8371
6311 8372
2489 8373
5208 8374
4775 8375
5832 8376
555 8377
5455 8378
5362 8379
8172 8380
399 8381
6857 8382
218 8383
4637 8384
7450 8385
2682 8386
7182 8387
329 8388
2601 8389
972 8390
2562 8391
6209 8392
2211 8393
6457 8394
7175 8395
8166 8396
1413 8397
4952 8398
7331 8399
2373 8400
3679 8401
2000 8402
2179 8403
1614 8404
1246 8405
6063 8406
6210 8407
1236 8408
6954 8409
6587 8410
529 8411
4958 8412
2070 8413
7691 8414
8242 8415
90 8416
3268 8417
7192 8418
5726 8419
7412 8420
1438 8421
151 8422
3610 8423
6939 8424
4230 8425
4884 8426
4271 8427
2986 8428
4516 8429
2612 8430
549 8431
8112 8432
5546 8433
323 8434
6502 8435
4849 8436
1792 8437
4384 8438
4813 8439
106 8440
6225 8441
8079 8442
1474 8443
5194 8444
2269 8445
3582 8446
7736 8447
5187 8448
6418 8449
4460 8450
6488 8451
7776 8452
4955 8453
8067 8454
436 8455
3520 8456
514 8457
6740 8458
4926 8459
6997 8460
8173 8461
4735 8462
2944 8463
3732 8464
1867 8465
5455 8466
2397 8467
4635 8468
7890 8469
1867 8470
5621 8471
5794 8472
4613 8473
4241 8474
850 8475
5042 8476
5713 8477
7436 8478
1005 8479
2347 8480
7053 8481
1514 8482
3314 8483
5831 8484
463 8485
1631 8486
6413 8487
7223 8488
3317 8489
2422 8490
8328 8491
2160 8492
8251 8493
3098 8494
8174 8495
6315 8496
8468 8497
7834 8498
856 8499
8070 8500
6391 8501
1462 8502
7769 8503
6718 8504
6878 8505
7780 8506
6043 8507
779 8508
3008 8509
891 8510
3489 8511
302 8512
739 8513
2839 8514
8514 8515
6454 8516
2157 8517
885 8518
3764 8519
2640 8520
7188 8521
2990 8522
2761 8523
3885 8524
7510 8525
2654 8526
5429 8527
2322 8528
6071 8529
549 8530
800 8531
670 8532
6150 8533
762 8534
8295 8535
5117 8536
506 8537
6866 8538
5186 8539
4826 8540
4161 8541
2728 8542
7476 8543
8346 8544
1408 8545
1265 8546
2657 8547
1509 8548
4980 8549
3205 8550
2925 8551
3162 8552
3036 8553
1724 8554
3137 8555
4079 8556
5925 8557
3750 8558
7977 8559
6859 8560
486 8561
2810 8562
2232 8563
7329 8564
3766 8565
4629 8566
3958 8567
2180 8568
1063 8569
3494 8570
6015 8571
7597 8572
4162 8573
7044 8574
926 8575
4329 8576
8008 8577
2728 8578
3024 8579
138 8580
7099 8581
4841 8582
8026 8583
8357 8584
2496 8585
4441 8586
2495 8587
2663 8588
3261 8589
3293 8590
385 8591
929 8592
2765 8593
6433 8594
3255 8595
4714 8596
8076 8597
1911 8598
6615 8599
1533 8600
7277 8601
4488 8602
8362 8603
6620 8604
4734 8605
4190 8606
3599 8607
6354 8608
1990 8609
7448 8610
5892 8611
277 8612
4252 8613
4870 8614
7304 8615
15 8616
6302 8617
6327 8618
1169 8619
6282 8620
4521 8621
5296 8622
3500 8623
1646 8624
343 8625
178 8626
3284 8627
4635 8628
7834 8629
5598 8630
5908 8631
2565 8632
2587 8633
3134 8634
1196 8635
2221 8636
1237 8637
7847 8638
1964 8639
2989 8640
1543 8641
6199 8642
2130 8643
441 8644
5945 8645
3401 8646
2359 8647
6531 8648
1164 8649
3222 8650
2796 8651
956 8652
4507 8653
2010 8654
8025 8655
4140 8656
5640 8657
8509 8658
2973 8659
962 8660
2034 8661
3952 8662
5364 8663
6969 8664
8520 8665
6906 8666
5524 8667
3733 8668
8330 8669
5585 8670
1773 8671
1191 8672
973 8673
5904 8674
3334 8675
2434 8676
6508 8677
6517 8678
2314 8679
2652 8680
2050 8681
3704 8682
4147 8683
4164 8684
3316 8685
5267 8686
4087 8687
2805 8688
5820 8689
8101 8690
3551 8691
5497 8692
8254 8693
4205 8694
1617 8695
1181 8696
4040 8697
651 8698
3332 8699
8527 8700
3203 8701
3553 8702
8536 8703
6050 8704
585 8705
5584 8706
1311 8707
6557 8708
4658 8709
5527 8710
1756 8711
2412 8712
1881 8713
8269 8714
3695 8715
2189 8716
6003 8717
1816 8718
7762 8719
6139 8720
6718 8721
4372 8722
2291 8723
751 8724
5155 8725
6608 8726
827 8727
2534 8728
8203 8729
6321 8730
6925 8731
1457 8732
3952 8733
4609 8734
1255 8735
5895 8736
112 8737
7285 8738
3079 8739
4593 8740
616 8741
8282 8742
4926 8743
1975 8744
6620 8745
577 8746
2068 8747
3577 8748
5746 8749
1159 8750
7102 8751
1289 8752
6242 8753
5126 8754
3746 8755
2334 8756
6757 8757
7299 8758
6895 8759
6737 8760
8644 8761
4794 8762
2298 8763
8234 8764
6178 8765
3266 8766
828 8767
1306 8768
4866 8769
3828 8770
449 8771
1671 8772
7111 8773
6520 8774
401 8775
8627 8776
772 8777
2405 8778
3259 8779
722 8780
5037 8781
253 8782
7392 8783
5747 8784
2910 8785
2110 8786
8617 8787
3548 8788
4026 8789
2800 8790
390 8791
7367 8792
7235 8793
3979 8794
1195 8795
5264 8796
5736 8797
2563 8798
6337 8799
6157 8800
6156 8801
8145 8802
4595 8803
3048 8804
4434 8805
116 8806
7681 8807
2684 8808
5146 8809
2477 8810
934 8811
429 8812
1059 8813
4600 8814
6578 8815
8315 8816
4551 8817
4611 8818
2623 8819
2160 8820
5069 8821
6962 8822
5625 8823
7898 8824
4215 8825
6383 8826
4262 8827
6086 8828
5190 8829
4120 8830
6889 8831
3506 8832
1501 8833
3850 8834
7762 8835
1172 8836
169 8837
3981 8838
1476 8839
2146 8840
113 8841
4846 8842
242 8843
141 8844
2113 8845
7920 8846
8339 8847
1374 8848
3312 8849
1422 8850
8354 8851
3143 8852
6920 8853
4816 8854
1409 8855
1612 8856
114 8857
3771 8858
64 8859
3018 8860
1966 8861
6554 8862
2484 8863
694 8864
5914 8865
7936 8866
3264 8867
7355 8868
750 8869
5636 8870
4545 8871
1119 8872
5664 8873
922 8874
4041 8875
3971 8876
2947 8877
6912 8878
4781 8879
1323 8880
7583 8881
288 8882
4889 8883
8100 8884
5338 8885
8339 8886
1147 8887
6682 8888
3653 8889
5162 8890
5624 8891
1863 8892
6239 8893
8653 8894
8015 8895
1256 8896
6964 8897
8569 8898
1906 8899
6319 8900
3257 8901
6206 8902
2212 8903
1165 8904
8082 8905
2076 8906
4032 8907
400 8908
1346 8909
4417 8910
311 8911
7633 8912
8326 8913
6719 8914
6309 8915
6862 8916
2260 8917
4388 8918
6816 8919
5132 8920
5797 8921
7936 8922
7177 8923
7235 8924
8725 8925
2713 8926
5097 8927
5486 8928
8380 8929
8499 8930
2319 8931
8519 8932
8436 8933
4880 8934
681 8935
252 8936
6180 8937
2627 8938
4626 8939
3796 8940
1411 8941
1132 8942
1072 8943
1268 8944
3930 8945
6236 8946
3735 8947
277 8948
1384 8949
1450 8950
507 8951
7966 8952
5296 8953
4069 8954
4614 8955
1999 8956
3399 8957
1610 8958
2334 8959
6377 8960
7933 8961
2771 8962
8303 8963
7088 8964
964 8965
1422 8966
6639 8967
1360 8968
8258 8969
3879 8970
6253 8971
351 8972
8165 8973
513 8974
1579 8975
1950 8976
96 8977
1482 8978
6228 8979
1111 8980
2408 8981
4386 8982
7264 8983
1759 8984
6242 8985
125 8986
2941 8987
7801 8988
696 8989
4775 8990
6008 8991
261 8992
8172 8993
5339 8994
6588 8995
7312 8996
4777 8997
4543 8998
2336 8999
7066 9000
8084 9001
3214 9002
7457 9003
3907 9004
3363 9005
5619 9006
5825 9007
4302 9008
4558 9009
5334 9010
99 9011
2661 9012
256 9013
1782 9014
5854 9015
8274 9016
7247 9017
6873 9018
1832 9019
4861 9020
1138 9021
6966 9022
5490 9023
4050 9024
6633 9025
6717 9026
4982 9027
2336 9028
3810 9029
5621 9030
3722 9031
6661 9032
7770 9033
141 9034
6134 9035
2759 9036
6557 9037
2448 9038
5061 9039
8209 9040
7751 9041
6425 9042
3695 9043
3805 9044
4255 9045
8857 9046
2218 9047
2845 9048
5043 9049
2152 9050
7351 9051
4912 9052
7661 9053
7054 9054
6664 9055
5023 9056
2665 9057
616 9058
3696 9059
8899 9060
4701 9061
8488 9062
6183 9063
3913 9064
207 9065
7556 9066
275 9067
1333 9068
3750 9069
8883 9070
6419 9071
2289 9072
2167 9073
6117 9074
8614 9075
8667 9076
3357 9077
3786 9078
3934 9079
5629 9080
4300 9081
5872 9082
8735 9083
4360 9084
8051 9085
684 9086
5152 9087
3478 9088
2417 9089
7227 9090
3982 9091
7194 9092
6308 9093
822 9094
6739 9095
3813 9096
1475 9097
2421 9098
1821 9099
5565 9100
7040 9101
8607 9102
3099 9103
7376 9104
2892 9105
8412 9106
5913 9107
5948 9108
6699 9109
6499 9110
4734 9111
8952 9112
6906 9113
5854 9114
1182 9115
1590 9116
7282 9117
4800 9118
796 9119
4562 9120
7862 9121
5951 9122
2406 9123
5941 9124
660 9125
5079 9126
6708 9127
3962 9128
470 9129
926 9130
2327 9131
2109 9132
6800 9133
8589 9134
7528 9135
2727 9136
5150 9137
2183 9138
2678 9139
5886 9140
7425 9141
3832 9142
474 9143
7761 9144
5538 9145
4128 9146
496 9147
2627 9148
185 9149
1628 9150
7630 9151
1209 9152
2336 9153
3852 9154
7943 9155
1816 9156
3986 9157
8989 9158
7556 9159
6593 9160
8805 9161
8567 9162
8819 9163
4188 9164
2827 9165
389 9166
3855 9167
4518 9168
5423 9169
5093 9170
5942 9171
7106 9172
5971 9173
5007 9174
7155 9175
8894 9176
6853 9177
6946 9178
561 9179
8078 9180
6258 9181
3548 9182
3431 9183
1199 9184
1519 9185
5418 9186
5427 9187
1631 9188
545 9189
7556 9190
8911 9191
3677 9192
2099 9193
399 9194
7361 9195
856 9196
4736 9197
816 9198
8881 9199
1922 9200
2798 9201
7481 9202
4605 9203
7282 9204
8985 9205
2401 9206
3409 9207
4704 9208
2089 9209
2788 9210
3350 9211
5742 9212
4868 9213
1546 9214
4107 9215
6207 9216
5032 9217
5685 9218
5385 9219
7086 9220
3345 9221
6547 9222
3622 9223
4340 9224
512 9225
2339 9226
965 9227
7209 9228
7455 9229
8367 9230
6172 9231
3963 9232
1985 9233
4382 9234
4403 9235
6155 9236
6179 9237
5454 9238
3329 9239
7120 9240
2456 9241
3358 9242
2120 9243
891 9244
2503 9245
3028 9246
60 9247
2048 9248
1664 9249
4862 9250
8353 9251
3939 9252
8451 9253
4895 9254
8098 9255
6510 9256
4161 9257
7503 9258
7047 9259
2363 9260
7871 9261
4679 9262
4683 9263
4706 9264
6585 9265
2636 9266
6452 9267
6389 9268
2097 9269
8155 9270
7965 9271
8864 9272
8428 9273
1401 9274
2692 9275
7741 9276
3940 9277
7446 9278
5385 9279
3520 9280
8056 9281
3195 9282
4104 9283
2058 9284
7569 9285
2293 9286
2967 9287
6990 9288
756 9289
5634 9290
573 9291
3758 9292
1712 9293
8094 9294
389 9295
2442 9296
5827 9297
7643 9298
1928 9299
5885 9300
3410 9301
4168 9302
2650 9303
7553 9304
2839 9305
9269 9306
6937 9307
8700 9308
5059 9309
3768 9310
6772 9311
5307 9312
6693 9313
465 9314
738 9315
6431 9316
8488 9317
647 9318
417 9319
3131 9320
1827 9321
9311 9322
5473 9323
4592 9324
2794 9325
2104 9326
4177 9327
8958 9328
6209 9329
4713 9330
2966 9331
4900 9332
2767 9333
8486 9334
5970 9335
8309 9336
8245 9337
8720 9338
6685 9339
3596 9340
7551 9341
6832 9342
4686 9343
5468 9344
7709 9345
4594 9346
4762 9347
208 9348
2811 9349
6081 9350
6643 9351
6865 9352
9293 9353
3577 9354
1299 9355
2666 9356
458 9357
728 9358
2128 9359
3575 9360
9134 9361
912 9362
6285 9363
8974 9364
349 9365
5671 9366
2945 9367
7647 9368
214 9369
1306 9370
5123 9371
251 9372
48 9373
4338 9374
3822 9375
5128 9376
4722 9377
3285 9378
7884 9379
4547 9380
4500 9381
9120 9382
7959 9383
8572 9384
3239 9385
2535 9386
6408 9387
1698 9388
8925 9389
2303 9390
4182 9391
3104 9392
8714 9393
425 9394
8572 9395
919 9396
6836 9397
2996 9398
6254 9399
4334 9400
1967 9401
6216 9402
8402 9403
3904 9404
6017 9405
2836 9406
1156 9407
5658 9408
4610 9409
2562 9410
7705 9411
8858 9412
3330 9413
4463 9414
4097 9415
5571 9416
887 9417
5378 9418
1730 9419
6831 9420
6721 9421
5851 9422
7072 9423
1919 9424
3244 9425
6575 9426
5048 9427
3978 9428
2402 9429
6924 9430
3786 9431
2793 9432
3561 9433
4422 9434
5777 9435
9415 9436
4781 9437
264 9438
6553 9439
6772 9440
15 9441
7762 9442
6657 9443
4128 9444
8607 9445
5834 9446
5435 9447
6040 9448
5264 9449
3089 9450
7905 9451
5158 9452
2510 9453
2881 9454
6679 9455
5596 9456
7938 9457
9437 9458
1550 9459
4363 9460
8862 9461
371 9462
9224 9463
797 9464
1318 9465
159 9466
6588 9467
3968 9468
7060 9469
9194 9470
1132 9471
6920 9472
9115 9473
4151 9474
5509 9475
3362 9476
4392 9477
1828 9478
5118 9479
8728 9480
8153 9481
7008 9482
1111 9483
4704 9484
7103 9485
2552 9486
3165 9487
771 9488
110 9489
8561 9490
5130 9491
7480 9492
641 9493
8663 9494
6899 9495
5760 9496
2886 9497
6696 9498
7990 9499
6148 9500
110 9501
5824 9502
1025 9503
3064 9504
8337 9505
8179 9506
5099 9507
6791 9508
9452 9509
4375 9510
2547 9511
8754 9512
3426 9513
1519 9514
2846 9515
976 9516
2722 9517
7088 9518
4048 9519
415 9520
571 9521
6770 9522
1768 9523
8678 9524
8510 9525
5267 9526
6864 9527
375 9528
2966 9529
1081 9530
3489 9531
6600 9532
8678 9533
7446 9534
8692 9535
2328 9536
6884 9537
1092 9538
4123 9539
7940 9540
7173 9541
9121 9542
6414 9543
4844 9544
5039 9545
1821 9546
5554 9547
7752 9548
9128 9549
5343 9550
2445 9551
3956 9552
2294 9553
2543 9554
4993 9555
8415 9556
8328 9557
7251 9558
969 9559
42 9560
1860 9561
2762 9562
546 9563
618 9564
2153 9565
1923 9566
1214 9567
4459 9568
4082 9569
8246 9570
3701 9571
9002 9572
8986 9573
132 9574
8084 9575
3880 9576
6484 9577
4782 9578
5417 9579
5780 9580
8452 9581
2645 9582
8573 9583
6753 9584
1847 9585
3268 9586
6982 9587
4725 9588
452 9589
6252 9590
4705 9591
135 9592
3440 9593
4930 9594
2472 9595
4341 9596
1537 9597
4534 9598
811 9599
3211 9600
6071 9601
4002 9602
1708 9603
2344 9604
4709 9605
474 9606
4053 9607
5505 9608
541 9609
5418 9610
788 9611
4668 9612
289 9613
1152 9614
6871 9615
8785 9616
7212 9617
6075 9618
2065 9619
5812 9620
87 9621
284 9622
3581 9623
6537 9624
4725 9625
7798 9626
3695 9627
6934 9628
8052 9629
5548 9630
9465 9631
7461 9632
3580 9633
2673 9634
2211 9635
6664 9636
1973 9637
9031 9638
8887 9639
8823 9640
122 9641
8008 9642
7894 9643
3813 9644
4249 9645
9097 9646
8764 9647
4323 9648
7384 9649
5731 9650
7532 9651
2821 9652
7236 9653
9084 9654
2901 9655
9103 9656
7828 9657
6970 9658
2745 9659
3095 9660
5339 9661
2246 9662
6807 9663
4843 9664
8463 9665
3128 9666
264 9667
5793 9668
5382 9669
5571 9670
1357 9671
3300 9672
8722 9673
3627 9674
9252 9675
1490 9676
717 9677
4560 9678
3595 9679
7472 9680
6517 9681
7307 9682
8822 9683
5356 9684
585 9685
9231 9686
1190 9687
5399 9688
299 9689
1597 9690
9366 9691
3298 9692
9471 9693
2635 9694
1218 9695
3100 9696
7661 9697
3200 9698
7498 9699
8162 9700
9408 9701
1684 9702
3280 9703
8002 9704
1919 9705
9070 9706
6855 9707
9220 9708
3973 9709
3180 9710
7763 9711
5528 9712
241 9713
5871 9714
2984 9715
4518 9716
6293 9717
9523 9718
528 9719
7211 9720
7654 9721
2244 9722
5043 9723
3160 9724
500 9725
8149 9726
3834 9727
363 9728
4819 9729
7727 9730
5185 9731
7393 9732
2595 9733
8160 9734
1619 9735
6571 9736
5975 9737
4698 9738
1824 9739
852 9740
5353 9741
3724 9742
8392 9743
3498 9744
4000 9745
6776 9746
5678 9747
7178 9748
7630 9749
8134 9750
6097 9751
177 9752
742 9753
1720 9754
2718 9755
3250 9756
2 9757
8419 9758
5093 9759
5728 9760
2117 9761
2907 9762
1890 9763
9201 9764
8803 9765
8699 9766
1454 9767
148 9768
121 9769
9378 9770
5645 9771
5083 9772
2736 9773
4596 9774
7551 9775
6220 9776
5484 9777
1853 9778
1934 9779
6130 9780
1950 9781
6652 9782
4643 9783
7226 9784
979 9785
6677 9786
1121 9787
3504 9788
5627 9789
6298 9790
8538 9791
1564 9792
2939 9793
7412 9794
5374 9795
721 9796
233 9797
6156 9798
2646 9799
9029 9800
1037 9801
6120 9802
8629 9803
5930 9804
9421 9805
9561 9806
6367 9807
9507 9808
8723 9809
6167 9810
1406 9811
6963 9812
771 9813
3969 9814
4811 9815
5799 9816
6978 9817
6710 9818
9028 9819
8362 9820
4332 9821
1481 9822
8564 9823
2020 9824
3009 9825
9114 9826
8006 9827
5888 9828
4487 9829
3226 9830
2299 9831
5620 9832
6804 9833
3413 9834
6998 9835
7324 9836
6174 9837
1685 9838
8271 9839
1879 9840
2440 9841
1952 9842
2587 9843
8392 9844
1682 9845
4374 9846
909 9847
184 9848
2702 9849
2021 9850
9186 9851
5979 9852
5629 9853
2476 9854
6580 9855
7960 9856
8814 9857
2112 9858
3984 9859
1667 9860
6169 9861
5160 9862
4995 9863
417 9864
7853 9865
8297 9866
2713 9867
7227 9868
5738 9869
8012 9870
785 9871
1776 9872
1437 9873
4800 9874
2304 9875
5414 9876
9213 9877
88 9878
2707 9879
3461 9880
132 9881
6343 9882
7993 9883
4936 9884
4210 9885
6346 9886
5180 9887
976 9888
671 9889
1914 9890
8192 9891
9334 9892
8059 9893
4822 9894
2836 9895
4727 9896
6337 9897
6608 9898
1110 9899
3622 9900
3129 9901
5740 9902
1354 9903
3561 9904
8473 9905
5864 9906
6940 9907
3365 9908
2980 9909
576 9910
2219 9911
9722 9912
5971 9913
4662 9914
1660 9915
8125 9916
1405 9917
2374 9918
2961 9919
3797 9920
8121 9921
2518 9922
4512 9923
5836 9924
7709 9925
5422 9926
253 9927
2255 9928
7483 9929
3223 9930
5198 9931
6960 9932
8834 9933
7601 9934
68 9935
6189 9936
7362 9937
1024 9938
9356 9939
4215 9940
763 9941
6829 9942
7407 9943
5386 9944
4779 9945
5711 9946
6892 9947
9626 9948
4023 9949
6169 9950
9562 9951
1490 9952
4118 9953
604 9954
1356 9955
1920 9956
9146 9957
3548 9958
3163 9959
1200 9960
6852 9961
8310 9962
1681 9963
2505 9964
4267 9965
9941 9966
4761 9967
507 9968
817 9969
1557 9970
7142 9971
9829 9972
2124 9973
873 9974
9842 9975
1369 9976
2914 9977
9931 9978
243 9979
5617 9980
6510 9981
2881 9982
5169 9983
5013 9984
3659 9985
5958 9986
8109 9987
9213 9988
8333 9989
5143 9990
1384 9991
439 9992
7785 9993
7565 9994
2301 9995
4877 9996
6462 9997
2816 9998
3777 9999
2613 10000
