14
7
5
11
2
9
1
4
12
8
2
3
14
12
5
11
3
1
6
16
15
11
4
13
9
3
13
15
6
5
11
7
5
14
13
7
13
7
14
1
9
12
5
15
8
4
16
9
15
1
9
16
11
11
7
6
3
8
14
4
7
6
14
8
14
9
11
14
3
13
10
6
3
11
9
11
10
5
6
8
10
6
5
7
8
14
16
5
2
9
3
2
12
15
13
2
7
6
1
8
1
15
2
8
15
5
8
2
1
14
10
2
12
6
6
15
12
6
2
14
9
7
13
10
7
5
1
1
5
3
15
1
6
6
9
8
1
10
3
4
13
14
1
15
7
13
8
12
8
9
10
13
15
16
4
13
5
2
13
12
16
15
13
15
9
14
6
5
13
6
13
3
8
12
7
1
14
7
16
2
11
2
10
12
4
9
16
12
7
7
16
3
9
4
15
3
7
2
4
1
15
9
8
12
7
3
9
8
4
3
10
2
6
3
2
1
1
13
4
8
1
9
3
11
6
13
4
14
9
10
3
7
16
3
3
13
5
15
5
16
16
1
12
15
8
3
14
15
12
6
7
16
11
2
9
4
11
16
5
9
14
6
14
5
11
11
12
5
6
2
10
1
11
3
16
16
10
16
4
2
14
15
8
10
10
10
3
10
5
4
13
5
4
12
9
14
1
2
12
2
14
4
6
11
6
2
8
7
10
8
16
4
3
2
12
15
12
8
12
13
11
10
13
4
5
13
1
7
1
5
13
4
10
9
10
6
16
16
4
16
1
14
16
12
9
4
10
12
11
12
11
7
10
12
5
2
14
14
3
15
14
11
10
7
2
11
3
4
10
11
9
11
16
15
5
11
15
1
8
2
7
8
4
13
12
15
7
5
8
10
9
6
6
13
8
16
4
1
16
15
