30
5
4 4 3 4 4
5 5 4 5 5
4
n 3 4 n
4 n 4 n
1
1
2
5
1 2 3 4 5
5 4 3 2 1
5
n 1 3 3 7
1 3 3 7 n
6
4 3 5 4 3 5
n 0 n 0 n 0
10
n n n n n n n n n n
1 2 3 4 5 6 7 8 9 10
10
n 1 n 2 n 3 n 4 n 5
n 10 n 9 n 8 n 7 n 6
10
n n n n n n n n n n
n n n n n n n n n n
13
1 9 8 4 2 2 8 6 9 4 2 7 3
59 53 47 43 41 37 31 29 23 19 17 13 11
10
5 10 41 n n n n 44 n 31
n n n 62 n 92 78 n 96 93
10
91 15 38 79 14 40 51 19 29 23
32 23 28 24 49 100 38 88 47 60
20
60 16 96 14 45 31 58 90 7 50 32 57 85 10 23 40 65 76 15 5
59 67 78 16 9 25 33 60 62 17 7 52 92 18 12 42 34 87 47 98
20
19 49 59 52 22 20 33 39 9 97 93 25 66 81 21 62 4 100 1 80
n 77 38 51 35 22 67 90 n 11 n 78 74 n 88 80 62 n n 63
30
n 4 31 69 88 68 n 79 n 56 n 3 n n n 41 64 63 21 24 75 n 53 n n 30 93 89 n 55
n 40 64 30 62 n 42 32 27 1 89 74 8 n 82 67 43 95 n 25 n n 96 85 n 93 61 81 84 n
30
n 22 n n n 35 n n n n 40 5 42 26 2 17 n 6 n 12 n n 15 30 49 n n n 38 10
n 86 n n 59 n n n 57 n 87 64 72 64 n n n 54 56 n n n 96 52 83 n 63 67 n 64
40
16 31 89 37 90 72 49 11 0 84 64 73 19 75 84 81 18 18 57 51 66 70 49 22 82 83 35 15 61 71 80 22 75 66 17 53 10 1 13 78
99 93 70 10 28 79 31 80 27 82 81 19 84 84 73 58 24 44 27 40 91 22 93 75 60 26 25 31 58 87 90 20 98 89 92 9 75 66 46 62
40
54 50 30 72 63 23 55 67 23 17 36 46 41 9 0 53 41 87 46 3 90 8 91 27 35 86 42 29 44 77 5 73 28 25 90 87 60 73 74 43
35 31 60 73 96 6 93 78 79 92 52 29 56 93 80 48 49 11 23 66 96 33 52 36 47 97 29 9 79 83 69 42 41 47 61 59 15 34 50 14
50
21 1 76 94 n 98 77 9 49 72 n 35 16 41 67 n 4 85 n 39 42 n 1 64 96 23 76 n 32 82 14 21 40 n n 76 n 14 49 31 86 17 98 55 n 61 44 n 44 0
23 11 n 11 50 21 17 n n 44 16 n 41 56 24 9 36 n n 88 66 28 94 11 47 87 57 56 95 43 n n n 88 5 81 86 77 28 97 n 12 1 35 n 2 n 41 82 84
50
16 67 n 92 57 35 56 13 n 26 21 n 88 60 54 26 n n 87 96 83 n n n 62 88 n 22 n 96 78 n 9 75 n n 80 7 50 81 14 96 6 86 4 n n 13 42 43
n n n 72 91 n n 92 16 13 40 43 26 1 18 99 55 78 59 n 34 28 42 n 63 34 80 47 73 n 20 0 91 58 n 4 55 38 9 n n 35 5 n 98 95 36 41 45 n
60
n n 38 41 0 n n n 31 48 49 n n n n n 9 n 12 44 39 38 n 43 45 40 41 45 17 n n 1 n 27 n 22 23 n n n 19 n n 19 15 37 n n 1 n n 28 n n n 11 n 27 n 7
99 n 96 n 93 n 97 53 n 99 98 n n n 88 n 53 80 n n n 65 n 90 n 59 89 n 59 n n 60 76 84 n n n n 97 69 n 58 59 63 n 55 n 87 n n n 67 70 n 74 73 73 n n n
60
4 89 64 37 37 74 26 64 5 52 78 19 49 85 37 0 33 91 65 76 36 11 68 25 95 35 66 19 85 64 94 37 41 72 15 50 93 14 9 73 93 23 73 36 8 5 96 43 50 49 40 9 89 70 10 52 81 74 16 23
24 71 38 6 9 79 34 95 5 51 66 69 20 42 75 37 50 44 10 90 65 75 94 12 92 37 50 38 77 90 38 51 6 15 27 38 53 65 74 53 74 86 36 16 26 97 10 73 1 86 17 20 67 24 82 94 96 41 65 11
70
50 66 4 80 0 38 85 29 9 82 60 86 48 91 96 0 6 20 11 29 62 85 17 1 8 64 3 17 87 72 59 29 43 45 50 0 62 57 17 9 82 29 69 56 42 26 12 22 94 0 83 69 98 4 27 16 71 31 63 12 30 92 79 86 17 52 85 59 26 44
81 28 61 100 61 24 6 14 52 22 62 2 98 31 19 8 32 28 73 19 88 85 74 18 54 31 50 46 71 5 84 87 47 11 33 65 96 88 64 6 14 10 52 11 19 44 13 93 89 31 45 66 64 19 87 94 3 2 87 59 84 82 2 58 31 29 68 2 40 71
70
78 10 24 95 66 32 93 n 63 n n 33 68 81 34 n 78 n 65 85 n 35 86 90 18 92 n n n 94 84 54 82 35 89 54 11 n 31 69 56 89 28 11 61 n 40 96 60 39 59 41 69 56 91 93 21 n 12 61 n 54 95 57 66 25 64 90 n 45
n 64 55 54 27 n 1 97 24 55 59 2 n 49 9 35 70 73 59 1 83 n n 66 6 52 n 28 79 82 15 n 2 63 13 76 n 6 92 76 48 n 72 40 49 43 98 91 44 15 n 96 11 64 n 97 82 67 89 1 n 2 n 21 n 64 77 58 50 20
80
55 36 9 10 86 n 92 25 24 20 70 n n n 78 n 47 84 n 5 59 90 n 24 44 26 n 69 63 66 56 37 49 45 n n 94 n n n n 82 n 72 8 n 63 n 28 0 n 99 4 100 n n 77 35 45 n n 98 18 59 33 79 16 60 46 96 n 96 29 94 7 95 n 58 n n
69 39 75 44 76 53 n 82 32 84 18 34 31 55 n 68 84 44 78 16 24 3 43 10 78 98 n 20 n 78 29 88 58 62 42 30 13 91 74 n 88 60 28 93 85 5 43 29 61 5 9 7 44 42 38 19 n 87 46 52 16 n n 32 n n 17 67 n 3 1 75 n n 58 63 n 80 50 74
80
n 25 n n n n 26 n n n n 22 15 21 n 15 27 15 20 n 45 46 21 1 n 2 n n n 42 22 24 46 29 n n n 49 n 16 n n n n n 41 n n n 19 n n 28 n n n 44 n 36 3 23 19 12 34 n 32 24 n 17 0 n n 21 49 n n n 2 24 26
n n 79 76 n n n 59 86 n n n 91 73 n n 51 n n 73 n 69 73 66 53 51 n n 53 55 n 51 n 62 91 n 54 n n n 59 92 84 70 n 72 84 n n 89 n n 93 n n n 94 58 n 70 53 84 54 80 n 92 84 84 n n 91 n n n 98 n n 89 n n
90
79 87 3 40 52 72 97 67 90 59 4 37 86 70 9 30 32 87 93 43 83 40 3 75 33 61 65 0 73 3 30 51 45 74 61 81 58 98 71 51 41 97 7 28 82 38 92 59 59 90 17 66 23 77 40 90 28 18 10 21 17 86 89 7 99 88 95 30 83 61 71 5 64 81 36 49 65 30 17 89 93 22 19 40 1 28 50 62 31 81
33 88 100 90 2 84 38 78 90 66 31 29 99 1 41 73 62 42 44 6 94 80 46 96 91 88 18 93 31 41 87 66 98 50 31 91 67 59 60 63 39 71 91 11 74 51 87 53 82 10 94 41 32 65 4 4 84 82 4 34 62 41 37 75 60 19 82 18 18 8 89 62 60 29 72 31 23 72 8 68 98 22 76 83 20 52 5 24 52 29
90
0 79 79 41 84 8 23 77 43 26 90 76 16 74 4 26 7 28 52 36 40 64 70 59 33 79 81 14 58 80 31 45 90 67 51 2 47 83 80 2 70 72 22 22 33 69 9 15 44 63 81 75 31 44 87 23 28 64 69 7 52 66 32 51 39 72 32 24 23 76 88 36 47 66 2 30 1 35 88 73 12 18 40 46 37 57 45 82 38 58
47 32 38 26 46 73 55 80 40 82 50 89 86 74 38 55 100 14 42 41 100 17 45 53 10 36 84 61 68 79 46 85 83 43 22 80 33 49 90 19 11 17 50 62 57 76 33 89 54 24 91 94 42 98 74 82 28 97 68 98 61 48 77 79 93 91 86 92 34 41 57 87 51 36 54 67 76 12 56 12 18 33 32 89 69 90 25 12 43 62
100
77 46 10 n 57 32 66 62 21 n 27 n 80 61 72 n n 24 35 52 73 n 95 10 n 52 n 16 0 3 62 48 n 95 98 50 16 20 n 79 17 27 n 59 33 3 6 n 16 21 88 13 48 41 36 n 98 57 n 34 53 77 n 40 n 45 22 n 37 n n 33 79 65 67 n n n 45 50 54 32 n 35 45 68 n 21 64 14 48 42 n n 43 10 79 74 79 n
95 76 95 36 37 67 3 61 9 88 57 1 n n 58 46 69 n 1 n n 87 n 30 74 42 19 42 27 n 8 39 13 n n n 76 16 61 78 82 n 51 n 64 27 74 2 45 52 51 14 61 80 n 94 27 79 87 n 62 49 n 81 n n 4 50 n 7 n 97 29 61 n n 75 n 78 22 29 37 n 40 50 n 78 28 86 3 62 87 n 44 n 43 n 48 n n
100
55 16 36 n n 77 64 53 50 27 n 95 n n 69 45 54 n 65 65 30 n 35 61 n 56 28 33 27 n 25 4 9 40 27 96 n n 34 n 47 42 36 25 n 24 84 n 80 38 74 82 n 19 88 35 12 46 n 75 n 78 69 10 19 98 85 35 80 81 n 71 91 34 n 9 70 9 95 42 10 n n 99 n 67 1 16 24 91 42 66 n 90 17 35 2 n 98 43
38 n 14 94 61 24 7 n 19 n 90 n 34 n n 35 14 n 30 10 76 19 39 83 22 81 7 61 2 n n 60 n 74 n n 70 80 96 71 15 n 82 81 n 71 43 87 38 74 29 67 14 n 44 60 70 n 81 n 7 52 58 48 21 46 29 48 77 n 74 58 24 n 65 34 91 90 39 n n 66 2 76 91 66 57 29 n 26 84 5 n n 99 n 96 n 97 14
