3 1 5 2 4
1 4 2 3
1
5 4 3 2 1
4 5 3 1 2
6 3 2 1 5 4
10 9 8 7 6 5 4 3 2 1
2 9 4 7 6 5 8 3 10 1
1 2 3 4 5 6 7 8 9 10
13 1 3 7 10 11 4 6 2 8 12 5 9
8 5 2 9 10 6 7 1 4 3
8 9 1 10 4 7 5 6 3 2
8 4 13 5 17 14 12 18 20 16 6 19 3 11 10 7 9 2 15 1
18 5 4 3 9 14 10 6 19 15 16 1 20 12 11 17 13 8 7 2
23 25 14 8 17 4 18 7 26 13 11 30 24 29 15 6 9 20 22 21 2 28 1 12 16 19 5 27 3 10
23 15 11 2 25 7 13 28 12 14 4 26 3 10 29 16 30 22 27 20 5 9 17 8 1 19 18 24 6 21
33 27 34 19 31 38 5 35 17 13 39 3 12 37 14 8 4 36 20 28 16 25 9 22 11 10 26 2 18 40 6 32 15 29 1 7 21 30 23 24
17 25 19 36 11 6 39 13 26 5 12 32 22 21 34 16 2 29 33 10 15 7 30 18 27 4 38 37 24 31 14 35 40 28 9 8 23 3 20 1
8 41 13 28 40 21 30 32 6 44 29 35 18 4 22 23 33 25 20 16 2 34 45 39 14 3 48 26 46 10 19 9 24 37 50 17 49 31 7 43 5 12 27 1 36 15 11 38 42 47
20 31 16 23 10 1 39 30 45 2 7 46 48 9 43 3 8 5 38 28 42 33 27 18 15 11 29 6 4 49 22 25 40 13 19 34 26 41 36 21 24 12 44 47 50 17 37 35 32 14
1 10 21 14 60 11 7 39 28 4 2 3 5 24 27 15 51 48 49 12 20 23 34 13 6 19 16 9 45 18 33 58 55 31 56 37 36 57 53 40 38 52 22 41 47 25 44 32 59 26 29 30 43 42 46 50 8 35 17 54
59 42 37 16 26 39 13 40 46 32 15 34 14 55 43 36 54 30 38 22 35 5 11 52 8 1 21 24 6 10 23 7 28 12 19 27 25 47 33 48 20 51 2 45 49 56 57 3 18 58 31 9 50 53 4 17 29 41 60 44
51 11 58 70 48 50 61 2 40 19 25 22 69 21 37 38 12 24 7 18 60 62 8 4 57 3 68 41 32 52 9 6 14 35 46 55 64 27 47 30 29 10 39 33 26 20 42 54 56 59 23 53 13 63 15 44 36 65 5 16 66 49 67 31 34 28 1 43 45 17
14 65 37 43 44 22 24 47 9 8 56 13 46 69 6 52 45 39 28 10 48 60 3 34 51 54 59 21 30 58 4 25 26 1 19 38 61 57 23 41 53 68 27 63 64 29 7 18 31 20 50 62 49 15 66 2 42 67 55 70 36 12 17 35 16 32 5 11 40 33
11 46 65 63 23 26 18 15 27 40 9 44 38 32 2 41 20 47 58 73 43 53 45 29 51 7 10 64 36 13 56 52 67 37 17 8 59 78 19 25 30 35 5 12 66 3 31 72 71 77 39 75 74 33 80 1 55 50 24 16 68 14 57 21 22 54 62 48 61 6 76 60 70 4 69 79 34 28 49 42
75 33 57 53 42 66 28 13 35 71 50 45 69 49 78 70 27 72 54 9 7 5 51 79 43 76 47 62 67 11 48 36 6 19 68 64 3 1 4 65 14 20 23 46 44 12 60 22 24 55 34 8 21 41 58 30 10 37 15 74 40 56 73 16 63 18 38 25 59 80 29 61 52 2 17 26 32 77 39 31
64 47 14 41 46 42 24 32 4 38 5 53 57 10 87 12 35 6 28 30 49 7 3 16 29 39 40 62 78 81 74 34 15 75 65 22 89 33 80 23 52 21 55 77 67 1 36 48 86 9 50 54 66 45 63 71 82 44 20 68 70 84 2 56 13 31 51 90 58 73 37 59 61 8 11 18 17 88 79 26 25 27 69 60 43 85 19 72 76 83
56 63 46 9 27 65 78 14 70 22 39 55 21 29 66 42 68 40 38 37 3 16 90 24 2 77 8 60 73 30 87 89 86 71 1 12 31 33 64 48 28 76 41 25 83 61 52 54 53 75 36 85 50 20 67 80 81 49 45 51 62 79 57 5 26 44 4 18 88 6 72 47 23 7 84 35 32 82 13 59 58 17 15 34 69 43 19 10 74 11
62 9 83 72 73 30 28 5 55 1 35 3 50 4 94 56 10 42 14 46 49 22 74 86 59 57 92 69 100 97 82 38 89 15 39 80 71 65 41 43 66 36 64 24 21 99 95 54 75 60 11 78 52 48 13 58 53 81 40 20 29 98 79 12 87 31 44 2 19 37 77 23 51 84 26 25 47 17 70 27 88 34 6 18 67 96 45 63 32 76 33 90 61 91 7 93 68 16 85 8
90 58 7 95 99 66 51 73 25 15 39 82 97 4 1 22 6 77 76 19 12 85 61 67 11 88 14 10 18 78 31 94 81 100 30 52 48 91 2 24 65 3 27 33 43 35 63 26 62 20 47 72 44 42 32 92 70 9 59 55 38 68 49 74 45 37 56 29 64 87 69 23 75 8 21 89 79 93 86 17 80 84 34 46 50 16 98 60 36 5 53 13 71 28 54 83 96 40 57 41
