6
10 9 10
10 10 0 10 10 10 10 0 10
9 5 2
10 9 2
4 1 2
10 7 2
9 3 2
10 6 2
10 8 1
10 2 1
9 4 1

10 20 10
10 0 0 10 0 0 0 10 10
10 9 1
10 3 1
10 9 3
8 7 10
9 2 3
10 5 8
10 5 4
8 5 9
7 4 9
10 4 6
7 1 7
9 8 4
8 7 6
10 9 4
9 7 3
7 2 10
10 4 5
10 6 1
10 6 4
8 2 4

100 99 1000000
0 0 0 0 0 1000000 0 1000000 0 0 0 1000000 0 0 0 0 0 0 0 0 0 0 0 0 0 0 1000000 0 1000000 0 0 0 1000000 0 0 1000000 0 0 1000000 0 0 0 0 0 0 0 0 0 0 0 0 0 0 0 0 0 0 0 0 0 0 0 0 0 0 0 0 0 0 0 0 0 0 0 0 0 0 0 0 0 0 0 0 0 0 0 0 0 0 0 0 0 0 0 0 0 0 0 0
55 54 920
97 96 937
83 16 31
83 82 797
52 51 474
50 48 102
63 13 29
78 4 34
72 71 549
52 5 9
98 97 976
60 25 59
60 27 24
59 58 53
75 45 18
54 24 53
95 1 18
95 94 839
84 83 783
61 60 8
99 98 500
81 80 199
88 38 12
75 74 158
67 66 429
63 62 420
77 76 255
74 73 636
74 29 28
95 36 16
86 85 134
62 61 444
90 20 113
52 11 10
60 59 541
91 90 656
94 93 550
65 64 63
87 15 61
53 52 834
82 81 194
77 9 31
76 43 23
75 37 71
67 19 29
85 84 178
90 89 786
62 34 42
56 55 29
55 26 5
60 31 26
80 79 373
96 95 551
73 72 895
53 8 232
71 70 472
52 28 21
93 92 868
74 7 26
89 88 644
64 12 26
88 6 25
71 46 147
86 47 8
70 69 994
78 77 207
87 86 809
63 41 14
78 3 7
80 23 21
79 78 696
74 18 9
83 33 14
69 68 837
92 14 113
84 40 63
66 22 6
58 57 919
68 67 803
70 44 9
88 87 66
54 53 142
63 35 32
65 32 32
100 99 453
92 91 406
81 17 8
100 10 79
61 49 37
64 63 156
67 21 21
82 42 17
69 30 62
57 56 704
70 39 86
51 50 922
64 2 54
66 65 866
76 75 122

100 199 1000000
1000000 0 0 0 0 0 0 0 0 0 0 0 0 0 0 0 0 0 0 0 0 0 0 0 0 0 0 0 0 0 0 0 0 0 0 0 0 0 0 0 0 0 0 0 0 0 0 0 0 0 0 0 0 0 0 0 0 0 0 0 0 0 0 0 0 0 0 0 0 0 0 0 0 0 0 0 0 0 0 0 0 0 0 0 0 0 0 0 0 0 0 0 0 0 0 0 0 0 0
22 21 1
23 21 1
23 22 1
22 20 1
21 20 1
24 20 2
24 23 2
23 19 2
20 19 2
25 19 4
25 24 4
24 18 4
19 18 4
26 18 8
26 25 8
25 17 8
18 17 8
27 17 16
27 26 16
26 16 16
17 16 16
28 16 32
28 27 32
27 15 32
16 15 32
29 15 64
29 28 64
28 14 64
15 14 64
30 14 128
30 29 128
29 13 128
14 13 128
31 13 256
31 30 256
30 12 256
13 12 256
32 12 512
32 31 512
31 11 512
12 11 512
33 11 1024
33 32 1024
32 10 1024
11 10 1024
34 10 2048
34 33 2048
33 9 2048
10 9 2048
35 9 4096
35 34 4096
34 8 4096
9 8 4096
36 8 8192
36 35 8192
35 7 8192
8 7 8192
37 7 16384
37 36 16384
36 6 16384
7 6 16384
38 6 32768
38 37 32768
37 5 32768
6 5 32768
39 5 65536
39 38 65536
38 4 65536
5 4 65536
40 4 131072
40 39 131072
39 3 131072
4 3 131072
41 3 262144
41 40 262144
40 2 262144
3 2 262144
100 2 524288
100 41 524288
41 1 524288
2 1 524288
62 61 1
63 61 1
63 62 1
62 60 1
61 60 1
64 60 2
64 63 2
63 59 2
60 59 2
65 59 4
65 64 4
64 58 4
59 58 4
66 58 8
66 65 8
65 57 8
58 57 8
67 57 16
67 66 16
66 56 16
57 56 16
68 56 32
68 67 32
67 55 32
56 55 32
69 55 64
69 68 64
68 54 64
55 54 64
70 54 128
70 69 128
69 53 128
54 53 128
71 53 256
71 70 256
70 52 256
53 52 256
72 52 512
72 71 512
71 51 512
52 51 512
73 51 1024
73 72 1024
72 50 1024
51 50 1024
74 50 2048
74 73 2048
73 49 2048
50 49 2048
75 49 4096
75 74 4096
74 48 4096
49 48 4096
76 48 8192
76 75 8192
75 47 8192
48 47 8192
77 47 16384
77 76 16384
76 46 16384
47 46 16384
78 46 32768
78 77 32768
77 45 32768
46 45 32768
79 45 65536
79 78 65536
78 44 65536
45 44 65536
80 44 131072
80 79 131072
79 43 131072
44 43 131072
81 43 262144
81 80 262144
80 42 262144
43 42 262144
100 42 524288
100 81 524288
81 1 524288
42 1 524288
91 90 1
92 90 1
92 91 1
91 89 1
90 89 1
93 89 2
93 92 2
92 88 2
89 88 2
94 88 4
94 93 4
93 87 4
88 87 4
95 87 8
95 94 8
94 86 8
87 86 8
96 86 16
96 95 16
95 85 16
86 85 16
97 85 32
97 96 32
96 84 32
85 84 32
98 84 64
98 97 64
97 83 64
84 83 64
99 83 128
99 98 128
98 82 128
83 82 128
100 82 256
100 99 256
99 1 256
82 1 256

100 154 1000000
1000000 0 0 0 0 0 0 0 0 0 0 0 0 0 0 0 0 0 0 0 0 0 0 0 0 0 0 0 0 0 0 0 0 0 0 0 0 0 0 0 0 0 0 0 0 0 0 0 0 0 0 0 0 0 0 0 0 0 0 0 0 0 0 0 0 0 0 0 0 0 0 0 0 0 0 0 0 0 0 0 0 0 0 0 0 0 0 0 0 0 0 0 0 0 0 0 0 0 0
69 33 1
33 32 1
69 34 1
34 32 1
69 35 1
35 32 1
69 36 1
36 32 1
69 37 1
37 32 1
69 38 1
38 32 1
69 39 1
39 32 1
69 40 1
40 32 1
69 41 1
41 32 1
69 42 1
42 32 1
69 43 1
43 32 1
69 44 1
44 32 1
69 45 1
45 32 1
69 46 1
46 32 1
69 47 1
47 32 1
69 48 1
48 32 1
69 49 1
49 32 1
69 50 1
50 32 1
69 51 1
51 32 1
69 52 1
52 32 1
69 53 1
53 32 1
69 54 1
54 32 1
69 55 1
55 32 1
69 56 1
56 32 1
69 57 1
57 32 1
69 58 1
58 32 1
69 59 1
59 32 1
69 60 1
60 32 1
69 61 1
61 32 1
69 62 1
62 32 1
69 63 1
63 32 1
69 64 1
64 32 1
69 65 1
65 32 1
69 66 1
66 32 1
69 67 1
67 32 1
69 68 1
68 32 1
100 69 36
32 1 36
100 99 1000000
99 98 1000000
98 97 1000000
97 32 36
97 96 1000000
96 95 1000000
95 94 1000000
94 69 36
94 93 1000000
93 92 1000000
92 91 1000000
91 32 36
91 90 1000000
90 89 1000000
89 88 1000000
88 69 36
88 87 1000000
87 86 1000000
86 85 1000000
85 32 36
85 84 1000000
84 83 1000000
83 82 1000000
82 69 36
82 81 1000000
81 80 1000000
80 79 1000000
79 32 36
79 78 1000000
78 77 1000000
77 76 1000000
76 69 36
76 75 1000000
75 74 1000000
74 73 1000000
73 32 36
73 72 1000000
72 71 1000000
71 70 1000000
70 69 36
2 1 1000000
3 2 1000000
4 3 1000000
69 4 36
5 4 1000000
6 5 1000000
7 6 1000000
32 7 36
8 7 1000000
9 8 1000000
10 9 1000000
69 10 36
11 10 1000000
12 11 1000000
13 12 1000000
32 13 36
14 13 1000000
15 14 1000000
16 15 1000000
69 16 36
17 16 1000000
18 17 1000000
19 18 1000000
32 19 36
20 19 1000000
21 20 1000000
22 21 1000000
69 22 36
23 22 1000000
24 23 1000000
25 24 1000000
32 25 36
26 25 1000000
27 26 1000000
28 27 1000000
69 28 36
29 28 1000000
30 29 1000000
31 30 1000000
32 31 36

100 178 1
0 0 1 1 1 0 1 0 0 0 0 0 1 1 1 0 0 0 0 0 0 0 0 1 0 1 0 1 0 1 0 1 1 0 0 0 0 0 0 0 0 0 1 0 1 0 0 1 0 0 0 0 0 0 0 0 0 0 0 0 0 0 0 0 0 0 0 0 0 0 0 0 0 0 0 0 0 0 0 0 0 0 0 0 0 0 0 0 0 0 0 0 0 0 0 0 0 0 0
100 99 10
99 98 10
98 97 10
98 59 10
100 97 10
97 96 10
96 95 10
96 59 10
100 95 10
95 94 10
94 93 10
94 59 10
100 93 10
93 92 10
92 91 10
92 59 10
100 91 10
91 90 10
90 89 10
90 59 10
100 89 10
89 88 10
88 87 10
88 59 10
100 87 10
87 86 10
86 85 10
86 59 10
100 85 10
85 84 10
84 83 10
84 59 10
100 83 10
83 82 10
82 81 10
82 59 10
100 81 10
81 80 10
80 79 10
80 59 10
100 79 10
79 78 10
78 77 10
78 59 10
100 77 10
77 76 10
76 75 10
76 59 10
100 75 10
75 74 10
74 73 10
74 59 10
100 73 10
73 72 10
72 71 10
72 59 10
100 71 10
71 70 10
70 69 10
70 59 10
100 69 10
69 68 10
68 67 10
68 59 10
100 67 10
67 66 10
66 65 10
66 59 10
100 65 10
65 64 10
64 63 10
64 59 10
100 63 10
63 62 10
62 61 10
62 59 10
100 61 10
61 60 10
60 59 10
55 36 1
24 12 6
58 56 8
23 14 6
45 23 7
54 49 2
56 51 4
41 11 5
52 51 4
28 11 5
55 53 8
30 29 7
27 26 6
59 58 2
46 11 10
40 32 6
53 49 8
39 38 6
24 19 7
55 46 10
50 37 3
52 48 8
10 1 1
52 42 4
59 57 3
38 35 6
48 42 6
30 16 8
38 37 8
56 52 5
38 37 8
19 13 2
23 10 7
29 14 9
30 16 6
53 39 3
55 50 1
38 35 1
37 24 7
53 4 1
22 8 2
19 11 8
19 17 9
40 38 1
53 37 5
33 25 10
56 45 4
17 8 8
21 6 9
24 19 7
29 28 2
51 49 4
37 31 8
45 35 9
58 56 9
52 43 3
20 18 5
50 48 9
36 22 1
19 6 6
50 44 4
23 21 1
30 23 3
56 55 2
41 28 5
44 33 2
28 6 6
40 22 2
10 7 8
59 54 1
41 26 4
47 40 5
38 30 1
25 3 3
57 51 2
32 1 8
30 24 10
57 56 10
36 27 6
47 26 1
49 2 8
39 31 9
13 1 8
39 32 1
29 25 10
32 9 8
41 19 1
53 41 1
40 34 8
52 32 10
10 2 3
37 27 3
53 3 2
26 20 9
30 15 1
37 3 9
39 5 4
50 20 5
49 47 5
