14
10 20 10
2 1 1 3 1 3 3 1 2
6 4 1
10 8 2
10 9 1
10 9 1
5 2 1
10 6 2
9 3 2
9 7 2
9 5 2
8 2 2
9 6 2
10 6 2
10 1 2
8 6 2
8 6 1
10 8 2
3 1 1
7 3 2
7 2 1
10 5 1

10 15 1000000
81864 240609 594743 376927 347324 741300 546149 241306 558137
5 4 74165
6 5 959098
3 1 416164
7 3 750418
8 7 560819
6 5 380472
7 6 6378
7 4 707942
6 1 426062
7 1 172142
10 9 203527
6 2 182369
9 8 282127
6 2 612450
10 5 672941

100 99 1000000
10102 10102 10102 10102 10102 10102 10102 10102 10102 10102 10102 10102 10102 10102 10102 10102 10102 10102 10102 10102 10102 10102 10102 10102 10102 10102 10102 10102 10102 10102 10102 10102 10102 10102 10102 10102 10102 10102 10102 10102 10102 10102 10102 10102 10102 10102 10102 10102 10102 10102 10102 10102 10102 10102 10102 10102 10102 10102 10102 10102 10102 10102 10102 10102 10102 10102 10102 10102 10102 10102 10102 10102 10102 10102 10102 10102 10102 10102 10102 10102 10102 10102 10102 10102 10102 10102 10102 10102 10102 10102 10102 10102 10102 10102 10102 10102 10102 10102 10102
59 57 417446
87 16 991137
78 73 407659
82 80 781779
93 91 675941
10 7 426664
28 3 214626
86 74 498007
42 41 36141
91 89 383762
7 1 400797
41 31 944626
27 20 143900
32 11 893333
26 12 644797
97 94 625016
55 54 789233
67 52 45265
29 17 299867
47 33 134537
91 87 785011
69 5 462108
77 62 968381
96 93 63653
82 63 549078
40 25 736103
67 53 515154
39 37 778422
45 15 452722
62 32 919664
86 85 504482
61 51 349024
22 21 905046
99 98 934083
46 34 225925
61 55 848981
15 4 171192
94 86 649921
56 49 52350
35 29 173828
82 68 553490
49 36 750258
44 38 650552
15 10 812452
29 28 434487
81 47 490614
43 14 462418
64 58 429078
68 65 463570
69 61 50770
82 72 211574
24 22 309588
94 88 436202
83 81 885661
12 9 502972
62 46 36225
96 95 814794
39 18 207269
72 70 488983
100 99 804961
81 76 964150
43 40 344275
91 90 623906
71 66 114823
67 56 166625
98 97 391286
25 24 398838
92 79 868266
74 71 926228
95 92 29687
43 35 818298
50 42 942280
97 96 650368
61 59 987689
51 48 260835
58 26 383189
82 77 545263
57 43 791204
78 75 56396
45 27 42149
74 50 76146
10 6 558572
87 83 887452
77 60 555580
5 2 667261
56 44 281007
54 45 615479
27 19 456685
64 23 475095
85 84 400844
49 30 300517
70 64 784017
86 82 336217
77 69 306947
92 78 882098
38 13 86178
44 39 298078
80 67 881721
21 8 777327

100 99 1000000
0 10023 0 0 3442 15799 25568 25013 0 5248 13163 0 36927 0 0 15891 15567 0 0 0 0 3456 0 21558 15060 11400 0 24168 0 16298 2716 9810 1946 20415 36730 37161 0 0 19129 39065 0 23569 21776 38534 35303 0 26899 7153 0 19021 35739 0 0 0 0 28296 0 0 7060 0 35770 0 0 26479 11734 27381 32487 0 0 0 28188 0 17875 0 0 0 0 12250 19506 14435 15893 0 0 0 0 31972 0 10592 0 0 26040 0 0 0 0 0 8623 0 24750
87 73 802839
62 22 910125
71 40 494806
75 49 441478
65 29 159962
51 1 820168
56 10 189941
79 57 233370
82 62 428764
52 2 750289
92 82 738771
81 60 146189
79 56 887972
60 19 917468
69 36 737446
100 99 546691
73 45 324759
55 9 620066
95 88 299817
59 16 15893
86 71 973014
57 12 793117
80 58 713800
96 90 723435
94 87 714754
72 43 789892
73 44 484235
53 4 284568
61 20 107578
69 37 962238
77 52 563893
86 70 696134
63 25 541591
66 31 846712
82 63 785808
58 15 569370
78 54 464984
75 48 763221
84 66 883644
93 85 180832
85 69 286555
55 8 372526
54 6 732160
67 32 447967
94 86 730682
85 68 545727
83 64 188751
59 17 962166
74 47 792664
90 79 346811
53 5 513003
78 55 720039
88 74 559500
67 33 285400
63 24 827234
100 98 458737
91 80 924775
61 21 885111
98 94 989498
65 28 674585
97 92 393308
64 27 713303
90 78 678674
76 51 84860
68 35 734744
84 67 518879
99 97 751115
60 18 329784
93 84 612315
95 89 933470
89 76 827317
54 7 800092
98 95 937710
80 59 424676
83 65 135641
66 30 146277
88 75 327504
76 50 879894
57 13 38115
99 96 868659
56 11 457413
71 41 896524
64 26 472245
74 46 52224
70 38 187608
52 3 42415
97 93 529508
96 91 86942
68 34 859271
70 39 275102
77 53 178519
72 42 398921
92 83 165529
62 23 795554
87 72 92066
89 77 872132
91 81 981096
58 14 529844
81 61 468530

100 99 1000000
0 11374 25757 2497 4556 0 20728 32999 1187 14704 18987 19002 0 0 0 24488 0 24959 24899 7827 0 27319 0 0 10541 0 34551 0 0 7595 15099 0 0 0 35049 0 39743 4284 16361 0 24617 0 0 0 36499 4017 0 14731 39149 6784 21356 0 0 24274 39606 0 13985 7388 0 6426 32933 0 0 18628 4568 28669 1642 0 37046 0 29690 0 5155 35946 7985 4171 31991 14221 13556 0 0 0 18614 0 22917 0 20450 6486 13754 16862 0 0 35206 15365 0 0 0 0 16289
94 93 108310
88 87 104170
50 43 6226
81 80 120484
50 23 593
50 47 7076
50 16 37308
50 7 72472
80 79 767742
50 20 4061
50 45 9262
50 28 109914
66 65 630682
63 62 580159
50 27 9473
71 70 598113
50 19 671
78 77 271938
50 48 3953
91 90 201524
76 75 862324
53 52 774043
50 42 456
83 82 39471
50 34 21010
50 25 7863
50 38 9676
50 32 770
50 15 23726
50 12 6369
100 99 367404
50 31 16204
50 30 54718
68 67 721709
86 85 705248
50 44 31883
50 5 28436
99 98 272900
87 86 505621
50 18 3686
50 3 3027
50 14 81013
56 55 31155
84 83 372947
89 88 366023
50 40 29974
50 37 1817
50 24 16430
50 22 19519
50 1 1209
50 17 396
60 59 548058
50 2 9386
50 29 18490
50 49 46966
73 72 482282
50 9 1339
50 13 2426
98 97 198422
50 35 28325
50 8 23257
50 26 25433
92 91 978606
57 56 977664
50 36 6525
93 92 925479
58 57 517293
79 78 496319
75 74 782169
69 68 623017
61 60 424001
51 50 332749
50 39 6320
50 33 532
50 21 9134
95 94 800992
50 6 17584
52 51 447636
97 96 236960
77 76 484798
72 71 22451
90 89 785212
85 84 943407
50 4 1584
55 54 618971
50 10 21907
70 69 19463
50 46 10040
67 66 730004
50 11 3199
96 95 261822
59 58 204101
62 61 611195
64 63 957127
65 64 589710
54 53 346984
82 81 104909
50 41 9998
74 73 823155

100 99 99
1 1 1 1 1 1 1 1 1 1 1 1 1 1 1 1 1 1 1 1 1 1 1 1 1 1 1 1 1 1 1 1 1 1 1 1 1 1 1 1 1 1 1 1 1 1 1 1 1 1 1 1 1 1 1 1 1 1 1 1 1 1 1 1 1 1 1 1 1 1 1 1 1 1 1 1 1 1 1 1 1 1 1 1 1 1 1 1 1 1 1 1 1 1 1 1 1 1 1
46 45 45
59 58 58
44 43 43
57 56 56
77 76 76
15 14 14
73 72 72
5 4 4
64 63 63
84 83 83
62 61 61
50 49 49
28 27 27
58 57 57
43 42 42
51 50 50
90 89 89
45 44 44
3 2 2
94 93 93
17 16 16
54 53 53
85 84 84
81 80 80
24 23 23
97 96 96
89 88 88
22 21 21
79 78 78
72 71 71
39 38 38
68 67 67
49 48 48
83 82 82
38 37 37
10 9 9
26 25 25
37 36 36
48 47 47
66 65 65
25 24 24
16 15 15
65 64 64
60 59 59
92 91 91
71 70 70
91 90 90
20 19 19
98 97 97
34 33 33
47 46 46
56 55 55
8 7 7
100 99 99
96 95 95
13 12 12
42 41 41
63 62 62
76 75 75
31 30 30
21 20 20
27 26 26
93 92 92
40 39 39
14 13 13
12 11 11
6 5 5
99 98 98
41 40 40
70 69 69
86 85 85
82 81 81
61 60 60
19 18 18
18 17 17
30 29 29
32 31 31
4 3 3
7 6 6
88 87 87
95 94 94
52 51 51
29 28 28
80 79 79
35 34 34
75 74 74
9 8 8
53 52 52
33 32 32
78 77 77
23 22 22
2 1 1
55 54 54
67 66 66
74 73 73
11 10 10
87 86 86
69 68 68
36 35 35

100 200 1000000
19387 0 28477 38410 0 3510 20252 39631 34601 0 0 9077 0 0 24517 0 0 0 35277 12761 0 21182 0 0 0 0 0 0 0 0 0 0 16420 26122 0 32829 0 18559 15258 30343 8135 0 0 0 23466 0 22603 0 19935 0 9143 0 26163 0 0 22233 0 0 30561 7256 0 32000 25841 13643 28866 34419 20144 1403 14864 0 0 21052 0 7184 0 1959 25838 36443 21691 0 1433 15982 38611 20255 914 28596 0 564 29754 8484 38741 20533 0 0 26153 19676 0 9544 0
47 33 932494
35 13 656746
65 48 237315
67 24 186129
38 35 836964
79 75 832691
25 20 425884
54 16 642843
15 10 524727
49 45 318079
8 7 32163
92 91 599221
21 20 775928
14 8 779587
27 22 353855
69 22 482305
39 38 292228
53 31 569308
18 13 788065
50 49 694404
25 19 711329
66 52 623409
61 39 177859
49 44 404084
43 10 189390
28 26 503161
74 72 482761
27 21 693197
62 43 822215
85 82 953753
42 41 737759
35 9 592240
23 21 308184
65 62 620831
70 69 300530
70 68 182164
33 16 546653
65 61 709329
32 1 31567
29 24 38114
72 69 40948
61 58 138064
40 27 824986
5 3 739350
32 1 400962
52 30 253196
67 33 896110
55 36 304657
66 57 125596
68 54 758134
17 16 268232
32 29 289995
18 16 876498
38 1 398772
28 8 704108
58 42 632853
22 10 183537
100 99 467278
16 11 149427
23 2 586394
58 40 965048
24 19 624870
44 16 157513
17 16 88158
25 4 653537
69 66 668656
12 1 808377
39 34 214381
15 7 264134
29 23 566253
7 2 620513
19 9 884891
41 5 812346
44 26 962675
73 70 282996
39 3 753937
91 89 869346
35 4 332246
56 6 304039
81 80 835497
83 74 829724
69 63 404791
27 13 299247
47 21 638959
59 56 252791
29 18 218273
18 17 837867
31 24 673269
29 27 986158
76 73 920479
34 11 102113
18 17 407979
28 10 677411
86 85 320983
37 22 584207
34 29 905056
91 86 99956
59 53 657073
73 67 791787
13 3 123099
14 12 527598
29 23 62990
69 35 558736
51 46 780645
44 26 186014
38 19 283956
31 28 103589
43 36 778320
79 40 186344
63 44 423347
69 64 83978
5 2 474424
37 9 56717
17 12 930588
65 61 188590
44 15 283061
97 96 171629
99 98 416485
68 32 599197
31 30 604762
17 14 364493
43 17 994366
39 34 495181
28 14 123140
89 88 64867
71 47 928288
37 13 929272
99 97 525416
96 93 634803
5 2 171280
51 4 406440
55 30 106994
83 81 865673
29 26 547058
9 6 71854
86 78 977623
21 13 367908
65 60 113630
88 87 824821
33 19 221381
68 65 883109
77 41 591735
58 30 533503
96 95 278784
65 39 508275
73 70 169288
74 69 853524
18 2 295504
85 55 548315
91 84 348915
40 13 513844
52 51 596292
18 2 660240
50 3 116821
34 29 569469
69 65 297418
58 27 100220
89 83 501916
66 50 648052
79 77 476098
95 92 889226
36 28 313712
38 6 118918
21 3 990181
27 17 599086
29 9 526053
72 71 629667
26 20 404731
13 5 385439
44 37 690424
78 76 28137
63 29 893448
50 35 543472
41 38 628614
42 27 964077
68 9 602123
17 10 985421
16 10 398008
27 25 585970
67 59 286326
23 7 839413
13 8 203212
57 55 543249
7 4 320517
13 10 299105
47 44 798176
95 94 573893
30 8 633660
27 21 607529
22 6 935081
31 23 501444
70 48 837401
32 4 381818
82 79 865818
34 30 412463
51 29 872451
37 4 508622
88 71 496191
18 6 302354
94 90 319791

100 200 1000000
5234 0 20350 23392 0 0 25835 0 0 6562 27652 17721 0 0 15624 34527 0 30129 7427 23105 0 21780 0 0 0 10453 19021 33992 0 0 38096 24091 33262 0 0 0 29624 31768 0 0 0 0 0 7062 22958 0 20188 3885 0 17338 0 38299 0 0 0 0 23269 14535 16712 25728 0 17705 38398 0 13657 5705 0 0 21904 28321 0 0 0 34922 0 25289 0 23881 21693 0 0 2244 0 8328 0 0 0 20688 0 0 1339 32642 0 0 0 0 0 33665 0
100 98 777601
92 81 280149
97 89 595357
96 2 571257
97 58 437114
91 65 415092
99 96 41398
76 18 559122
94 60 404580
60 42 794204
100 89 445674
87 51 390578
89 64 913610
98 95 668500
100 84 887672
99 91 657763
55 21 97793
100 99 524773
84 48 723580
66 17 714538
99 90 519668
92 65 510915
100 88 663383
80 40 118479
100 95 212952
99 83 6567
97 4 92868
100 97 223237
87 19 686235
99 87 488275
99 88 768577
71 23 890835
94 1 780695
94 82 27420
84 57 574969
90 52 957235
97 69 12593
100 96 993461
98 76 413721
100 93 717853
99 89 808219
98 93 461741
87 71 531015
100 97 34318
59 7 191071
100 95 173530
75 9 362719
97 42 534092
100 97 553991
95 40 881167
99 66 99160
100 93 195726
100 98 458305
100 99 169631
100 82 74418
99 88 463192
66 8 621163
95 29 844796
97 89 106835
86 37 173553
100 97 950095
96 91 378899
98 91 297381
90 73 401002
97 86 870618
99 84 552659
100 92 480929
96 87 595331
98 82 863447
87 13 56160
85 61 43738
100 66 772866
96 85 868709
69 44 461267
96 58 821745
99 94 783507
97 72 80792
81 22 106610
95 82 890745
89 3 286592
88 34 418080
96 63 519344
100 99 195305
98 87 311743
97 68 835102
94 83 458450
99 74 778102
67 23 408655
75 31 345275
100 15 960367
100 86 874109
99 59 670289
92 65 574278
97 69 333211
95 77 192991
96 66 602599
100 66 213880
91 75 661719
100 87 960641
77 60 245727
100 95 927497
100 98 375382
90 58 639715
92 43 932969
100 96 279510
100 71 430908
100 89 366037
96 50 983322
77 25 878649
95 46 724784
100 96 679526
98 87 698608
100 87 30109
99 89 710482
100 96 599891
70 51 869053
91 10 438339
98 27 935943
100 84 697435
100 62 833421
92 70 560900
78 35 117127
96 46 863518
100 67 865505
86 77 259890
78 24 683668
96 55 99234
92 44 946910
87 20 417469
99 92 293705
98 95 980753
97 33 972873
90 70 627843
75 54 480371
89 61 816747
91 75 270199
92 85 720893
78 38 76457
96 70 431406
100 34 192398
99 39 870934
71 16 313369
100 94 928278
92 55 523095
94 6 863265
99 71 225389
98 26 61871
69 11 388787
89 42 782060
98 69 79083
100 83 809175
100 99 848278
96 83 368356
89 40 413300
100 92 322347
87 30 974948
95 45 772861
99 38 496805
97 14 41385
93 77 547599
100 99 311202
96 85 506737
94 84 669237
94 78 853611
99 61 623772
100 92 541962
100 67 602101
100 73 240336
97 82 939144
93 47 342356
97 80 404853
98 56 618707
80 36 87610
74 12 158699
95 59 615475
93 59 555939
100 60 324910
97 28 20432
66 53 832385
100 84 194731
96 82 653093
100 92 215175
92 23 149510
99 86 975210
97 84 854043
98 70 439571
96 68 411528
99 91 609451
97 95 565757
100 83 460222
99 76 768575
81 41 768154
98 49 780394
95 79 750792
100 99 587594
96 32 359316
97 87 966322
99 92 55454
87 5 512826
100 94 125936

100 200 1000000
20000 20000 20000 20000 20000 20000 20000 20000 20000 20000 20000 20000 20000 20000 20000 20000 20000 20000 20000 20000 20000 20000 20000 20000 20000 20000 20000 20000 20000 20000 20000 20000 20000 20000 20000 20000 20000 20000 20000 20000 20000 20000 20000 20000 20000 20000 20000 20000 20000 20000 20000 20000 20000 20000 20000 20000 20000 20000 20000 20000 20000 20000 20000 20000 20000 20000 20000 20000 20000 20000 20000 20000 20000 20000 20000 20000 20000 20000 20000 20000 20000 20000 20000 20000 20000 20000 20000 20000 20000 20000 20000 20000 20000 20000 20000 20000 20000 20000 20000
86 59 688366
85 78 658526
97 39 454413
94 28 928896
94 89 781044
98 92 63936
93 69 99447
84 72 841482
91 79 580880
97 67 448345
92 62 507639
97 79 902142
82 21 951050
96 46 382451
97 82 510995
99 94 214261
99 83 736247
94 82 112612
91 22 539949
98 92 527566
97 95 585295
64 32 260573
63 5 376841
98 83 266091
96 71 193206
72 34 209858
98 90 237261
58 3 763465
98 49 344221
95 82 580277
96 13 138906
96 67 499966
93 85 907634
87 54 651069
74 45 571654
89 74 786264
90 37 174548
61 36 992013
94 47 838872
100 85 332535
49 36 382267
92 90 632460
93 16 426525
80 56 952876
95 24 987184
94 78 414894
98 73 194574
70 48 5544
81 77 6114
89 48 748435
90 86 702569
96 27 867687
99 97 624507
51 40 869133
81 65 260462
77 47 473207
60 18 170378
100 56 666582
82 59 192185
86 8 602877
94 84 689770
89 7 841657
57 50 850765
100 89 839791
96 38 103667
98 47 130224
100 80 717273
43 41 523947
98 94 131751
87 75 970538
97 73 661609
76 10 10845
93 88 431164
97 63 796392
81 55 907817
83 53 910800
94 76 169249
83 60 179216
73 66 11509
78 41 328050
83 45 435780
99 96 440430
78 68 535157
99 98 102971
100 98 873650
91 70 790154
94 68 775771
80 65 630053
100 86 226033
93 87 668936
98 94 422642
99 43 885388
93 49 557252
94 87 976939
96 84 574027
80 50 286317
42 12 447089
98 80 762554
98 54 925074
54 46 964400
96 75 770924
78 58 762841
78 53 515780
95 68 867267
93 76 444689
28 4 320364
90 20 184853
53 17 489966
74 18 922511
95 53 970720
94 86 591898
99 82 54558
90 16 182916
95 51 139574
100 89 357299
84 2 141893
91 83 911021
96 69 822107
84 79 66201
90 85 427446
94 77 32287
100 93 24741
78 35 428117
99 80 476064
100 79 631514
85 59 338508
88 78 219365
81 21 212263
71 22 662903
98 87 820035
99 42 303197
77 36 892196
98 79 987206
93 14 601750
61 29 651764
100 99 330691
67 23 597087
78 66 967243
99 52 259642
98 88 364291
97 88 964009
62 29 565143
79 6 391529
100 89 284335
95 91 674727
92 69 641468
97 48 974204
68 54 238781
100 91 317283
100 97 870782
85 49 435887
84 26 370547
100 92 332195
99 98 252449
92 78 825515
88 30 431315
95 19 265443
78 44 662283
97 81 188886
87 60 519822
100 74 261609
49 14 433629
81 55 877896
82 61 121440
99 98 199027
97 92 967437
99 98 754247
85 66 281248
33 9 896517
38 33 240922
97 69 881872
70 44 813477
100 99 745482
100 70 690307
93 64 952638
76 57 74537
99 85 962173
77 70 935034
99 96 265997
86 77 648299
88 71 767101
81 42 717462
98 25 263720
75 47 999329
89 59 479540
98 93 922409
87 82 577692
100 90 42986
84 77 337018
58 36 389978
81 31 477791
93 11 568137
76 19 305179
99 23 276135
98 77 879911
100 15 925118
93 57 777101
75 7 609529
92 53 773713
80 1 482243

100 200 1000000
0 0 0 0 0 0 0 0 0 0 0 0 0 0 0 89029 0 0 0 0 0 0 0 0 0 0 0 0 65625 0 0 28340 3700 0 92176 0 49792 0 0 35321 0 99550 59248 0 0 80487 0 0 0 0 0 0 0 81133 0 0 0 0 0 0 0 0 0 0 40078 0 0 0 0 0 90908 0 0 64345 0 0 0 0 0 0 0 14600 0 57398 0 0 0 41132 0 0 0 12185 0 0 76850 0 0 18279 0
92 50 295232
91 1 728268
80 46 293393
80 60 175722
100 92 188715
86 9 564134
99 92 830158
92 83 197868
92 15 43219
100 97 897793
63 28 23337
100 88 299578
98 87 476086
92 69 901856
79 39 331491
78 2 650686
98 92 277948
97 90 21180
74 43 80220
93 65 9817
95 45 903938
93 63 693986
86 22 147507
98 86 531858
100 99 136443
100 58 331639
83 6 996622
49 15 714859
99 67 868088
78 69 589113
100 95 951237
76 40 908912
96 79 958101
93 91 561250
99 80 825594
54 31 781995
85 73 878808
75 23 518248
100 12 482076
74 51 904596
62 30 231208
82 44 567299
96 24 184399
100 72 375781
72 59 422783
82 53 880966
65 55 771124
96 91 877785
100 95 880635
96 95 400999
97 44 742161
83 45 837174
93 80 615819
90 78 669120
97 60 279144
90 7 658212
95 87 910169
95 36 222944
84 3 798253
94 53 917288
75 27 354207
88 61 534436
98 89 804927
66 55 624471
51 4 977142
84 57 961939
96 91 943412
96 71 286787
100 91 616991
100 96 106015
96 80 200746
97 49 563830
89 48 822289
95 67 521372
99 98 179657
87 71 882979
84 78 913765
100 88 141511
95 66 152095
29 18 898352
43 22 563987
91 53 595881
93 57 269591
97 72 477252
85 74 171786
78 53 654502
98 30 641222
75 51 425268
100 82 732200
95 73 476883
100 99 514469
97 90 263053
94 54 394443
74 41 194044
93 19 890460
96 77 751995
100 93 870866
70 53 533109
97 77 274034
80 35 73155
96 70 526273
92 48 98134
98 53 51971
95 35 514036
64 5 954308
91 81 353373
93 38 673060
98 45 399845
95 52 516745
79 76 754778
94 87 600245
100 75 532803
80 15 422999
99 98 832005
99 86 389861
91 61 184428
59 14 117838
99 93 93192
92 11 270179
83 21 719273
93 83 366777
57 26 806770
98 56 887884
88 68 147772
86 75 458709
90 37 441534
94 87 365653
95 87 569621
96 66 858097
98 92 392118
79 50 231078
71 47 982300
74 57 471207
88 85 806175
59 32 111289
95 80 403691
55 42 971443
99 69 792530
82 13 758844
93 38 530637
79 8 322475
93 83 784069
90 55 528406
91 46 207891
96 89 290683
72 65 90801
77 45 224871
84 52 520472
81 75 688840
99 87 34670
83 80 985984
86 70 954396
84 78 340331
83 28 540193
76 34 794182
73 66 619178
86 74 332928
98 95 56428
79 64 387109
95 91 885183
85 80 648660
88 59 453551
93 84 963148
60 51 812667
92 62 990488
100 75 673641
80 29 254353
85 82 598732
97 92 879320
94 27 691066
73 62 327248
71 28 829155
55 32 103324
97 87 570406
97 10 325174
96 87 630312
56 25 183057
100 99 823474
68 44 419853
87 62 685553
71 43 90915
97 17 711759
97 94 189549
100 54 747930
89 76 446773
92 79 586435
68 42 89210
98 80 638896
85 58 805529
43 16 670018
99 25 688251
99 33 826034
87 20 155541
82 47 291549
100 82 698786
88 54 82859
53 47 581466
92 39 396331
100 94 67530
97 48 257682

100 199 1000000
21337 2090 19698 4878 4657 12064 3703 17869 7606 16328 16032 18246 16399 5410 2590 14458 6349 12592 3425 1513 17441 1105 4762 1398 4221 1129 18972 1152 16016 11159 19222 14250 15757 828 19001 17075 16995 13529 7544 10845 5381 14032 14849 8905 1220 641 12616 8216 6383 16846 476 4074 14904 8471 4719 13858 17201 8349 16721 8479 13897 14690 3796 12804 2835 2758 14281 4912 10559 75 19329 16165 5566 4977 2764 8644 3073 7769 3291 7406 15130 11493 15904 18916 17656 2709 13164 8871 16174 7915 15728 17144 3435 11303 5980 9111 17602 8490 17698
22 21 1
23 21 1
23 22 1
22 20 1
21 20 1
24 20 2
24 23 2
23 19 2
20 19 2
25 19 4
25 24 4
24 18 4
19 18 4
26 18 8
26 25 8
25 17 8
18 17 8
27 17 16
27 26 16
26 16 16
17 16 16
28 16 32
28 27 32
27 15 32
16 15 32
29 15 64
29 28 64
28 14 64
15 14 64
30 14 128
30 29 128
29 13 128
14 13 128
31 13 256
31 30 256
30 12 256
13 12 256
32 12 512
32 31 512
31 11 512
12 11 512
33 11 1024
33 32 1024
32 10 1024
11 10 1024
34 10 2048
34 33 2048
33 9 2048
10 9 2048
35 9 4096
35 34 4096
34 8 4096
9 8 4096
36 8 8192
36 35 8192
35 7 8192
8 7 8192
37 7 16384
37 36 16384
36 6 16384
7 6 16384
38 6 32768
38 37 32768
37 5 32768
6 5 32768
39 5 65536
39 38 65536
38 4 65536
5 4 65536
40 4 131072
40 39 131072
39 3 131072
4 3 131072
41 3 262144
41 40 262144
40 2 262144
3 2 262144
100 2 524288
100 41 524288
41 1 524288
2 1 524288
62 61 1
63 61 1
63 62 1
62 60 1
61 60 1
64 60 2
64 63 2
63 59 2
60 59 2
65 59 4
65 64 4
64 58 4
59 58 4
66 58 8
66 65 8
65 57 8
58 57 8
67 57 16
67 66 16
66 56 16
57 56 16
68 56 32
68 67 32
67 55 32
56 55 32
69 55 64
69 68 64
68 54 64
55 54 64
70 54 128
70 69 128
69 53 128
54 53 128
71 53 256
71 70 256
70 52 256
53 52 256
72 52 512
72 71 512
71 51 512
52 51 512
73 51 1024
73 72 1024
72 50 1024
51 50 1024
74 50 2048
74 73 2048
73 49 2048
50 49 2048
75 49 4096
75 74 4096
74 48 4096
49 48 4096
76 48 8192
76 75 8192
75 47 8192
48 47 8192
77 47 16384
77 76 16384
76 46 16384
47 46 16384
78 46 32768
78 77 32768
77 45 32768
46 45 32768
79 45 65536
79 78 65536
78 44 65536
45 44 65536
80 44 131072
80 79 131072
79 43 131072
44 43 131072
81 43 262144
81 80 262144
80 42 262144
43 42 262144
100 42 524288
100 81 524288
81 1 524288
42 1 524288
91 90 1
92 90 1
92 91 1
91 89 1
90 89 1
93 89 2
93 92 2
92 88 2
89 88 2
94 88 4
94 93 4
93 87 4
88 87 4
95 87 8
95 94 8
94 86 8
87 86 8
96 86 16
96 95 16
95 85 16
86 85 16
97 85 32
97 96 32
96 84 32
85 84 32
98 84 64
98 97 64
97 83 64
84 83 64
99 83 128
99 98 128
98 82 128
83 82 128
100 82 256
100 99 256
99 1 256
82 1 256

100 154 1000000
510000 5000 5000 5000 5000 5000 5000 5000 5000 5000 5000 5000 5000 5000 5000 5000 5000 5000 5000 5000 5000 5000 5000 5000 5000 5000 5000 5000 5000 5000 5000 5000 5000 5000 5000 5000 5000 5000 5000 5000 5000 5000 5000 5000 5000 5000 5000 5000 5000 5000 5000 5000 5000 5000 5000 5000 5000 5000 5000 5000 5000 5000 5000 5000 5000 5000 5000 5000 5000 5000 5000 5000 5000 5000 5000 5000 5000 5000 5000 5000 5000 5000 5000 5000 5000 5000 5000 5000 5000 5000 5000 5000 5000 5000 5000 5000 5000 5000 5000
69 33 1
33 32 1
69 34 1
34 32 1
69 35 1
35 32 1
69 36 1
36 32 1
69 37 1
37 32 1
69 38 1
38 32 1
69 39 1
39 32 1
69 40 1
40 32 1
69 41 1
41 32 1
69 42 1
42 32 1
69 43 1
43 32 1
69 44 1
44 32 1
69 45 1
45 32 1
69 46 1
46 32 1
69 47 1
47 32 1
69 48 1
48 32 1
69 49 1
49 32 1
69 50 1
50 32 1
69 51 1
51 32 1
69 52 1
52 32 1
69 53 1
53 32 1
69 54 1
54 32 1
69 55 1
55 32 1
69 56 1
56 32 1
69 57 1
57 32 1
69 58 1
58 32 1
69 59 1
59 32 1
69 60 1
60 32 1
69 61 1
61 32 1
69 62 1
62 32 1
69 63 1
63 32 1
69 64 1
64 32 1
69 65 1
65 32 1
69 66 1
66 32 1
69 67 1
67 32 1
69 68 1
68 32 1
100 69 36
32 1 36
100 99 1000000
99 98 1000000
98 97 1000000
97 32 36
97 96 1000000
96 95 1000000
95 94 1000000
94 69 36
94 93 1000000
93 92 1000000
92 91 1000000
91 32 36
91 90 1000000
90 89 1000000
89 88 1000000
88 69 36
88 87 1000000
87 86 1000000
86 85 1000000
85 32 36
85 84 1000000
84 83 1000000
83 82 1000000
82 69 36
82 81 1000000
81 80 1000000
80 79 1000000
79 32 36
79 78 1000000
78 77 1000000
77 76 1000000
76 69 36
76 75 1000000
75 74 1000000
74 73 1000000
73 32 36
73 72 1000000
72 71 1000000
71 70 1000000
70 69 36
2 1 1000000
3 2 1000000
4 3 1000000
69 4 36
5 4 1000000
6 5 1000000
7 6 1000000
32 7 36
8 7 1000000
9 8 1000000
10 9 1000000
69 10 36
11 10 1000000
12 11 1000000
13 12 1000000
32 13 36
14 13 1000000
15 14 1000000
16 15 1000000
69 16 36
17 16 1000000
18 17 1000000
19 18 1000000
32 19 36
20 19 1000000
21 20 1000000
22 21 1000000
69 22 36
23 22 1000000
24 23 1000000
25 24 1000000
32 25 36
26 25 1000000
27 26 1000000
28 27 1000000
69 28 36
29 28 1000000
30 29 1000000
31 30 1000000
32 31 36

100 138 1000000
133728 11216 0 0 0 0 29803 0 0 32852 0 0 47306 34431 38043 0 0 0 0 0 27683 0 0 0 0 0 43983 38107 36980 0 12924 13208 0 3246 9239 34425 42249 9173 20311 0 0 0 0 3814 45596 0 0 0 29313 0 14162 0 0 1152 0 25794 7471 0 32432 0 3604 0 0 0 0 52 0 0 6260 0 0 46110 21622 35167 0 21965 0 35311 25725 25543 0 0 0 0 0 0 0 0 0 0 0 0 0 0 0 0 0 0 0
100 99 1000000
99 98 1000000
98 97 1000000
98 79 1000000
100 97 1000000
97 96 1000000
96 95 1000000
96 79 1000000
100 95 1000000
95 94 1000000
94 93 1000000
94 79 1000000
100 93 1000000
93 92 1000000
92 91 1000000
92 79 1000000
100 91 1000000
91 90 1000000
90 89 1000000
90 79 1000000
100 89 1000000
89 88 1000000
88 87 1000000
88 79 1000000
100 87 1000000
87 86 1000000
86 85 1000000
86 79 1000000
100 85 1000000
85 84 1000000
84 83 1000000
84 79 1000000
100 83 1000000
83 82 1000000
82 81 1000000
82 79 1000000
100 81 1000000
81 80 1000000
80 79 1000000
66 61 391628
69 64 130018
73 72 964679
71 63 1712
59 42 763150
51 16 379135
62 55 418405
67 57 101424
42 7 969245
78 75 725209
36 35 15115
62 50 657021
60 21 476698
7 1 162030
52 43 537043
54 25 263376
60 53 888688
60 8 112630
79 78 45613
76 74 398695
59 51 563702
54 17 809275
78 71 348641
70 58 21473
42 35 224142
78 70 38794
57 20 893903
73 63 860273
73 69 734697
44 30 87233
65 40 664292
9 5 359926
59 55 816161
48 26 556575
73 52 267485
51 6 62875
60 3 271548
59 29 11584
60 56 996155
78 76 76043
31 18 767292
73 63 828595
59 31 305610
54 46 329888
76 55 567761
71 45 636675
67 15 103926
20 11 235903
70 69 184493
59 44 877769
73 65 889423
70 54 994796
62 33 854403
72 37 30647
77 23 742798
74 69 364687
78 68 455295
79 59 546896
77 31 652656
78 32 771697
59 49 256345
74 41 158281
30 6 625822
58 28 287844
72 66 845884
33 16 109742
47 34 812962
79 77 810590
49 36 950751
76 24 865658
73 72 928649
76 75 120959
55 54 472513
76 48 679109
35 12 513418
66 60 283854
62 32 558425
46 19 306721
30 13 655040
49 38 311471
66 62 732666
57 14 168700
76 69 296728
54 9 810324
70 39 940685
79 77 393801
56 43 756520
74 67 361821
70 12 904266
50 34 371944
47 27 529515
55 47 967734
36 2 988316
58 10 717254
44 17 668780
73 65 570924
74 73 684602
73 22 965140
71 4 560949

100 138 1000000
223662 40732 34239 0 0 0 0 0 41813 0 44618 0 0 10128 18079 28256 0 46368 2923 2275 0 0 0 0 8531 0 8477 0 0 0 0 0 0 5086 8431 25171 0 20170 0 42165 0 0 6154 26047 31323 35714 5013 23288 0 0 0 0 472 0 40212 45607 0 0 0 0 0 33302 0 0 31195 0 6792 8362 0 12069 43771 0 0 39555 0 0 0 0 0 0 0 0 0 0 0 0 0 0 0 0 0 0 0 0 0 0 0 0 0
100 99 1000000
99 98 1000000
98 97 1000000
98 79 1000000
100 97 1000000
97 96 1000000
96 95 1000000
96 79 1000000
100 95 1000000
95 94 1000000
94 93 1000000
94 79 1000000
100 93 1000000
93 92 1000000
92 91 1000000
92 79 1000000
100 91 1000000
91 90 1000000
90 89 1000000
90 79 1000000
100 89 1000000
89 88 1000000
88 87 1000000
88 79 1000000
100 87 1000000
87 86 1000000
86 85 1000000
86 79 1000000
100 85 1000000
85 84 1000000
84 83 1000000
84 79 1000000
100 83 1000000
83 82 1000000
82 81 1000000
82 79 1000000
100 81 1000000
81 80 1000000
80 79 1000000
76 48 845866
77 54 954816
10 2 550276
77 18 38991
47 5 265619
43 20 33676
72 35 192159
61 27 790006
79 72 842782
78 44 882138
38 11 195867
71 49 176718
44 9 53981
77 19 854279
73 45 364216
67 37 360686
69 8 752933
79 70 213035
65 44 212153
76 62 827526
50 16 456223
68 63 29121
38 23 227092
47 10 595469
79 32 292596
71 28 306615
64 52 297725
66 60 316892
66 40 874463
78 51 866666
33 21 932478
76 49 990028
78 74 361057
73 4 4670
68 61 290037
55 29 403322
72 46 49456
59 24 827265
54 14 225392
77 45 388740
79 66 118310
79 78 331286
75 71 232695
72 64 541937
66 62 179233
78 55 678824
78 75 190840
60 19 268205
76 71 395022
75 39 988783
79 42 602436
71 51 268526
76 72 170891
71 7 994118
72 23 732836
68 6 233240
70 64 438850
77 49 416331
79 56 182092
67 36 455820
47 43 24237
60 50 105280
68 46 104210
49 28 969770
66 3 397144
76 43 580239
77 56 601726
72 69 673759
75 59 65125
67 33 234982
78 38 997679
78 68 723103
79 76 32046
68 25 998891
71 9 516856
49 15 651699
74 57 15368
25 17 498613
78 77 714442
73 47 997402
58 12 505931
73 47 158798
66 53 736164
78 73 735638
72 31 709184
32 30 420692
78 65 522920
75 65 617096
29 27 528708
57 26 913652
69 1 638906
77 67 181274
75 58 294910
70 32 765205
62 22 758519
70 64 60018
69 34 115747
77 41 827599
78 13 433556
