7
42
inf 25 inf inf inf inf inf inf inf inf inf 79 inf 2 inf inf inf inf inf inf inf inf inf inf inf inf inf inf 42 inf inf inf inf inf 84 69 inf inf inf 34 inf inf 
4 42 inf inf inf 85 49 inf 72 44 85 inf 23 65 120 inf inf 35 159 167 121 inf inf inf 122 140 inf 139 42 25 inf 84 106 inf inf 71 inf inf 42 50 176 inf 
67 25 112 173 46 39 49 129 87 44 125 83 86 6 210 166 165 76 73 103 212 67 227 159 95 131 147 71 42 42 25 84 108 123 88 73 195 109 42 28 154 230 
8 42 70 213 82 56 49 144 72 44 79 87 27 65 124 120 255 39 55 103 78 84 74 132 115 131 127 108 36 25 42 84 110 72 131 65 173 109 42 45 165 144 
67 25 87 167 50 39 43 106 89 38 93 85 86 10 106 137 169 76 73 103 114 67 110 152 89 115 121 75 42 42 25 78 102 108 92 77 155 113 36 28 114 126 
12 42 70 180 82 56 49 142 72 44 79 81 31 65 124 120 151 43 59 97 82 84 78 126 103 125 131 102 36 25 42 84 114 76 131 65 133 109 42 45 150 144 
67 25 87 167 54 39 43 110 89 38 87 85 86 14 110 137 169 76 73 103 114 67 110 140 89 115 125 79 42 42 25 78 102 108 96 81 159 117 36 28 118 130 
16 42 70 175 82 56 49 142 72 44 79 81 35 65 124 120 155 47 63 97 86 84 82 126 97 125 135 102 36 25 42 84 114 80 131 65 137 109 42 45 150 144 
67 25 87 167 58 39 43 114 89 38 87 85 86 18 114 137 169 76 73 103 114 67 110 134 89 115 129 83 42 42 25 78 102 108 100 82 163 121 36 28 122 134 
20 42 70 175 82 56 49 142 72 44 79 81 39 65 124 120 159 51 67 97 90 84 86 126 97 125 139 102 36 25 42 84 114 84 131 65 141 109 42 45 150 144 
67 25 87 167 62 39 43 118 89 38 87 85 86 22 118 137 169 76 73 103 114 67 110 134 89 115 133 87 42 42 25 78 102 108 104 82 167 125 36 28 126 138 
24 42 70 175 82 56 49 142 72 44 79 81 43 65 124 120 163 55 71 97 94 84 90 126 97 125 143 102 36 25 42 84 114 88 131 65 145 109 42 45 150 144 
67 25 87 167 66 39 43 122 89 38 87 85 86 26 122 137 169 76 73 103 114 67 110 134 89 115 137 91 42 42 25 78 102 108 108 82 169 126 36 28 130 142 
28 42 70 175 82 56 49 142 72 44 79 81 47 65 124 120 167 59 75 97 97 84 94 126 97 125 147 102 36 25 42 84 114 92 131 65 149 109 42 45 150 144 
67 25 87 167 70 39 43 126 89 38 87 85 86 30 126 137 169 76 73 103 114 67 110 134 89 115 141 95 42 42 25 78 102 108 112 82 169 126 36 28 133 146 
32 42 70 175 82 56 49 142 72 44 79 81 51 65 124 120 171 63 79 97 97 84 98 126 97 125 149 102 36 25 42 84 114 96 131 65 152 109 42 45 150 144 
67 25 87 167 74 39 43 129 89 38 87 85 86 34 130 137 169 76 73 103 114 67 110 134 89 115 141 99 42 42 25 78 102 108 116 82 169 126 36 28 133 150 
36 42 70 175 82 56 49 142 72 44 79 81 55 65 124 120 175 67 83 97 97 84 102 126 97 125 149 102 36 25 42 84 114 100 131 65 152 109 42 45 150 144 
67 25 87 167 78 39 43 129 89 38 87 85 86 38 134 137 169 76 73 103 114 67 110 134 89 115 141 103 42 42 25 78 102 108 120 82 169 126 36 28 133 154 
40 42 70 175 82 56 49 142 72 44 79 81 59 65 124 120 179 70 87 97 97 84 106 126 97 125 149 102 36 25 42 84 114 104 131 65 152 109 42 45 150 144 
67 25 87 167 82 39 43 129 89 38 87 85 86 42 138 137 169 76 73 103 114 67 110 134 89 115 141 107 42 42 25 78 102 108 124 82 169 126 36 28 133 158 
44 42 70 175 82 56 49 142 72 44 79 81 63 65 124 120 183 70 90 97 97 84 110 126 97 125 149 102 36 25 42 84 114 108 131 65 152 109 42 45 150 144 
67 25 87 167 86 39 43 129 89 38 87 85 86 46 141 137 169 76 73 103 114 67 110 134 89 115 141 108 42 42 25 78 102 108 128 82 169 126 36 28 133 161 
48 42 70 175 82 56 49 142 72 44 79 81 67 65 124 120 186 70 90 97 97 84 114 126 97 125 149 102 36 25 42 84 114 112 131 65 152 109 42 45 150 144 
67 25 87 167 90 39 43 129 89 38 87 85 86 50 141 137 169 76 73 103 114 67 110 134 89 115 141 108 42 42 25 78 102 108 132 82 169 126 36 28 133 161 
50 42 70 175 82 56 49 142 72 44 79 81 71 65 124 120 186 70 90 97 97 84 118 126 97 125 149 102 36 25 42 84 114 116 131 65 152 109 42 45 150 144 
67 25 87 167 94 39 43 129 89 38 87 85 86 52 141 137 169 76 73 103 114 67 110 134 89 115 141 108 42 42 25 78 102 108 134 82 169 126 36 28 133 161 
50 42 70 175 82 56 49 142 72 44 79 81 73 65 124 120 186 70 90 97 97 84 122 126 97 125 149 102 36 25 42 84 114 120 131 65 152 109 42 45 150 144 
67 25 87 167 96 39 43 129 89 38 87 85 86 52 141 137 169 76 73 103 114 67 110 134 89 115 141 108 42 42 25 78 102 108 134 82 169 126 36 28 133 161 
50 42 70 175 82 56 49 142 72 44 79 81 73 65 124 120 186 70 90 97 97 84 124 126 97 125 149 102 36 25 42 84 114 122 131 65 152 109 42 45 150 144 
67 25 87 167 96 39 43 129 89 38 87 85 86 52 141 137 169 76 73 103 114 67 110 134 89 115 141 108 42 42 25 78 102 108 134 82 169 126 36 28 133 161 
50 42 70 175 82 56 49 142 72 44 79 81 73 65 124 120 186 70 90 97 97 84 124 126 97 125 149 102 36 25 42 84 114 122 131 65 152 109 42 45 150 144 
67 25 87 167 96 39 43 129 89 38 87 85 86 52 141 137 169 76 73 103 114 67 110 134 89 115 141 108 42 42 25 78 102 108 134 82 169 126 36 28 133 161 
50 42 70 175 82 56 49 142 72 44 79 81 73 65 124 120 186 70 90 97 97 84 124 126 97 125 149 102 36 25 42 84 114 122 131 65 152 109 42 45 150 144 
67 25 87 167 96 39 43 129 89 38 87 85 86 52 141 137 169 76 73 103 114 67 110 134 89 115 141 108 42 42 25 78 102 108 134 82 169 126 36 28 133 161 
50 42 70 175 82 56 49 142 72 44 79 81 73 65 124 120 186 70 90 97 97 84 124 126 97 125 149 102 36 25 42 84 114 122 131 65 152 109 42 45 150 144 
67 25 87 167 96 39 43 129 89 38 87 85 86 52 141 137 169 76 73 103 114 67 110 134 89 115 141 108 42 42 25 78 102 108 134 82 169 126 36 28 133 161 
50 42 70 175 82 56 49 142 72 44 79 81 73 65 124 120 186 70 90 97 97 84 124 126 97 125 149 102 36 25 42 84 114 122 131 65 152 109 42 45 150 144 
67 25 87 167 96 39 43 129 89 38 87 85 86 52 141 137 169 76 73 103 114 67 110 134 89 115 141 108 42 42 25 78 102 108 134 82 169 126 36 28 133 161 
50 42 70 175 82 56 49 142 72 44 79 81 73 65 124 120 186 70 90 97 97 84 124 126 97 125 149 102 36 25 42 84 114 122 131 65 152 109 42 45 150 144 
67 25 87 167 96 39 43 129 89 38 87 85 86 52 141 137 169 76 73 103 114 67 110 134 89 115 141 108 42 42 25 78 102 108 134 82 169 126 36 28 133 161 
34
inf inf inf inf inf inf inf inf inf 5 68 inf inf inf inf inf inf inf inf inf inf inf inf inf inf inf inf inf inf inf 98 inf inf inf 
10 inf 104 68 154 inf inf 155 inf inf inf inf inf 110 inf 152 inf 51 inf inf 20 inf inf inf inf 23 inf 67 inf 112 inf inf inf inf 
inf 66 96 239 134 59 201 161 52 15 78 70 inf 99 80 89 140 165 149 133 189 161 inf 224 99 202 121 133 inf 113 108 166 86 115 
20 188 114 78 135 165 190 104 125 195 141 136 78 78 131 126 152 61 147 54 30 162 180 131 163 33 137 73 124 98 127 88 102 116 
200 76 102 120 100 69 119 129 56 25 88 76 163 109 90 99 103 133 155 127 157 132 149 163 105 188 125 120 117 119 112 147 96 101 
30 169 124 88 141 141 191 114 129 172 130 123 88 82 137 136 158 71 151 58 40 149 184 133 142 43 123 79 130 104 133 98 106 122 
177 86 108 124 110 79 129 133 60 35 98 82 169 119 100 109 113 137 149 131 161 134 153 150 111 190 133 124 127 125 118 153 106 107 
40 174 134 98 147 145 201 124 133 176 134 127 98 86 143 146 164 81 159 62 50 151 192 135 152 53 129 85 136 110 139 108 110 128 
181 96 114 128 120 89 139 137 64 45 108 88 175 129 110 113 123 141 155 135 165 136 157 152 117 194 139 128 137 131 124 159 116 113 
50 178 144 108 153 149 211 134 137 180 138 131 108 90 149 156 170 91 165 66 60 153 198 137 160 63 135 91 142 116 145 118 114 134 
185 106 120 132 130 98 149 141 68 55 118 94 181 139 120 117 133 145 161 139 169 138 161 154 123 198 145 132 144 137 130 165 126 119 
60 182 154 118 159 153 221 143 141 184 142 135 118 94 155 166 176 101 171 70 70 155 204 139 164 73 141 97 148 122 151 128 118 140 
189 116 126 136 140 102 159 145 72 65 128 100 187 149 130 121 143 149 167 143 173 140 165 156 129 202 151 136 150 143 136 171 136 125 
70 186 164 128 165 157 228 147 145 188 146 139 128 98 161 176 182 110 177 74 80 157 210 141 168 83 147 103 154 128 157 138 122 146 
193 126 132 140 150 106 169 149 76 75 138 106 193 159 139 125 152 153 173 147 177 142 169 158 135 206 157 140 156 149 142 177 146 131 
80 190 169 138 171 161 234 151 149 192 150 143 138 102 167 186 188 114 183 78 90 159 216 143 172 93 153 109 160 134 163 148 126 152 
197 136 138 144 156 110 179 153 80 85 144 112 199 169 143 129 156 157 179 151 181 144 173 160 141 210 163 144 162 155 148 183 156 137 
90 194 173 148 177 165 240 155 153 196 154 147 148 106 173 195 194 118 189 82 100 161 222 145 176 103 159 115 166 140 169 158 130 158 
201 146 144 148 162 114 189 157 84 95 148 118 205 173 147 133 160 161 185 155 185 146 177 162 147 214 169 148 168 161 154 189 166 143 
100 198 177 158 183 169 246 159 157 200 158 151 158 110 179 199 200 122 195 86 110 163 228 147 180 113 165 121 172 146 175 168 134 164 
205 156 150 152 168 118 199 161 88 105 152 124 210 177 151 137 164 165 191 159 189 148 181 164 153 218 175 152 174 167 160 195 176 149 
110 202 181 162 187 173 251 163 161 204 162 155 168 114 185 203 206 126 201 90 120 165 234 149 184 123 171 127 178 152 181 173 138 170 
209 166 156 156 174 122 205 165 92 115 156 130 214 181 155 141 168 169 197 163 193 150 185 166 159 222 181 156 180 173 166 199 180 155 
120 206 185 166 191 177 255 167 165 208 166 159 178 118 191 207 212 130 207 94 124 167 240 151 188 133 177 133 184 158 187 177 142 176 
213 176 162 160 180 126 209 169 96 125 160 136 218 185 159 145 172 173 202 167 197 152 189 168 165 226 187 160 186 179 172 203 184 161 
130 210 189 170 195 181 259 171 169 212 170 163 188 122 197 211 218 134 213 98 128 169 246 153 192 143 183 139 190 164 193 181 146 182 
217 186 168 164 186 130 213 173 100 135 164 142 222 189 163 149 176 177 204 171 201 154 193 170 171 230 193 164 192 185 178 207 188 167 
140 214 193 174 199 185 263 175 173 216 174 167 198 126 203 215 222 138 219 102 132 171 252 155 196 153 189 145 196 170 199 185 150 188 
221 196 174 168 192 134 217 177 104 145 168 148 226 193 167 153 180 181 206 175 205 156 197 172 177 234 199 168 198 191 184 211 192 173 
150 218 197 178 203 189 267 179 177 220 178 171 204 130 209 219 226 142 223 106 136 173 258 157 200 163 195 151 202 176 205 189 154 194 
225 206 180 172 198 138 221 181 108 151 172 154 230 197 171 157 184 185 208 179 209 158 201 174 183 238 205 172 204 197 190 215 196 179 
156 222 201 182 207 193 271 183 181 224 182 175 208 134 214 223 230 146 225 110 140 175 264 159 204 169 201 157 208 182 211 193 158 200 
229 212 186 176 204 142 225 185 112 155 176 160 234 201 175 161 188 189 210 183 213 160 205 176 189 242 211 176 210 203 196 219 200 185 
38
inf 76 77 97 93 52 29 87 80 82 54 30 84 91 22 73 52 1 38 28 32 66 51 11 0 1 72 98 60 98 40 82 84 59 85 95 2 86 
0 5 5 9 8 1 21 30 0 21 39 13 21 11 5 34 7 26 6 15 14 13 8 15 28 25 13 13 17 16 38 9 27 18 22 29 42 17 
26 4 9 6 7 4 6 14 5 10 21 14 18 17 16 12 10 1 19 8 11 17 9 11 0 1 9 15 11 15 13 19 12 13 20 16 2 13 
0 5 5 9 8 1 11 10 0 13 14 13 15 11 5 11 7 15 6 12 6 13 8 15 5 4 13 13 8 16 15 9 13 14 15 15 7 14 
5 4 9 6 7 4 6 12 5 8 10 11 10 11 11 11 10 1 11 8 11 17 9 11 0 1 9 15 11 15 13 14 12 13 11 16 2 13 
0 5 5 9 8 1 11 10 0 13 12 13 15 11 5 11 7 6 6 12 6 13 8 15 5 4 13 13 8 15 14 9 13 14 13 13 7 11 
5 4 9 6 7 4 6 12 5 8 10 11 10 11 10 11 10 1 11 8 11 17 9 11 0 1 9 15 11 15 13 14 12 13 11 16 2 13 
0 5 5 9 8 1 11 10 0 13 12 13 15 11 5 11 7 6 6 12 6 13 8 15 5 4 13 13 8 15 14 9 13 14 13 13 7 11 
5 4 9 6 7 4 6 12 5 8 10 11 10 11 10 11 10 1 11 8 11 17 9 11 0 1 9 15 11 15 13 14 12 13 11 16 2 13 
0 5 5 9 8 1 11 10 0 13 12 13 15 11 5 11 7 6 6 12 6 13 8 15 5 4 13 13 8 15 14 9 13 14 13 13 7 11 
5 4 9 6 7 4 6 12 5 8 10 11 10 11 10 11 10 1 11 8 11 17 9 11 0 1 9 15 11 15 13 14 12 13 11 16 2 13 
0 5 5 9 8 1 11 10 0 13 12 13 15 11 5 11 7 6 6 12 6 13 8 15 5 4 13 13 8 15 14 9 13 14 13 13 7 11 
5 4 9 6 7 4 6 12 5 8 10 11 10 11 10 11 10 1 11 8 11 17 9 11 0 1 9 15 11 15 13 14 12 13 11 16 2 13 
0 5 5 9 8 1 11 10 0 13 12 13 15 11 5 11 7 6 6 12 6 13 8 15 5 4 13 13 8 15 14 9 13 14 13 13 7 11 
5 4 9 6 7 4 6 12 5 8 10 11 10 11 10 11 10 1 11 8 11 17 9 11 0 1 9 15 11 15 13 14 12 13 11 16 2 13 
0 5 5 9 8 1 11 10 0 13 12 13 15 11 5 11 7 6 6 12 6 13 8 15 5 4 13 13 8 15 14 9 13 14 13 13 7 11 
5 4 9 6 7 4 6 12 5 8 10 11 10 11 10 11 10 1 11 8 11 17 9 11 0 1 9 15 11 15 13 14 12 13 11 16 2 13 
0 5 5 9 8 1 11 10 0 13 12 13 15 11 5 11 7 6 6 12 6 13 8 15 5 4 13 13 8 15 14 9 13 14 13 13 7 11 
5 4 9 6 7 4 6 12 5 8 10 11 10 11 10 11 10 1 11 8 11 17 9 11 0 1 9 15 11 15 13 14 12 13 11 16 2 13 
0 5 5 9 8 1 11 10 0 13 12 13 15 11 5 11 7 6 6 12 6 13 8 15 5 4 13 13 8 15 14 9 13 14 13 13 7 11 
5 4 9 6 7 4 6 12 5 8 10 11 10 11 10 11 10 1 11 8 11 17 9 11 0 1 9 15 11 15 13 14 12 13 11 16 2 13 
0 5 5 9 8 1 11 10 0 13 12 13 15 11 5 11 7 6 6 12 6 13 8 15 5 4 13 13 8 15 14 9 13 14 13 13 7 11 
5 4 9 6 7 4 6 12 5 8 10 11 10 11 10 11 10 1 11 8 11 17 9 11 0 1 9 15 11 15 13 14 12 13 11 16 2 13 
0 5 5 9 8 1 11 10 0 13 12 13 15 11 5 11 7 6 6 12 6 13 8 15 5 4 13 13 8 15 14 9 13 14 13 13 7 11 
5 4 9 6 7 4 6 12 5 8 10 11 10 11 10 11 10 1 11 8 11 17 9 11 0 1 9 15 11 15 13 14 12 13 11 16 2 13 
0 5 5 9 8 1 11 10 0 13 12 13 15 11 5 11 7 6 6 12 6 13 8 15 5 4 13 13 8 15 14 9 13 14 13 13 7 11 
5 4 9 6 7 4 6 12 5 8 10 11 10 11 10 11 10 1 11 8 11 17 9 11 0 1 9 15 11 15 13 14 12 13 11 16 2 13 
0 5 5 9 8 1 11 10 0 13 12 13 15 11 5 11 7 6 6 12 6 13 8 15 5 4 13 13 8 15 14 9 13 14 13 13 7 11 
5 4 9 6 7 4 6 12 5 8 10 11 10 11 10 11 10 1 11 8 11 17 9 11 0 1 9 15 11 15 13 14 12 13 11 16 2 13 
0 5 5 9 8 1 11 10 0 13 12 13 15 11 5 11 7 6 6 12 6 13 8 15 5 4 13 13 8 15 14 9 13 14 13 13 7 11 
5 4 9 6 7 4 6 12 5 8 10 11 10 11 10 11 10 1 11 8 11 17 9 11 0 1 9 15 11 15 13 14 12 13 11 16 2 13 
0 5 5 9 8 1 11 10 0 13 12 13 15 11 5 11 7 6 6 12 6 13 8 15 5 4 13 13 8 15 14 9 13 14 13 13 7 11 
5 4 9 6 7 4 6 12 5 8 10 11 10 11 10 11 10 1 11 8 11 17 9 11 0 1 9 15 11 15 13 14 12 13 11 16 2 13 
0 5 5 9 8 1 11 10 0 13 12 13 15 11 5 11 7 6 6 12 6 13 8 15 5 4 13 13 8 15 14 9 13 14 13 13 7 11 
5 4 9 6 7 4 6 12 5 8 10 11 10 11 10 11 10 1 11 8 11 17 9 11 0 1 9 15 11 15 13 14 12 13 11 16 2 13 
0 5 5 9 8 1 11 10 0 13 12 13 15 11 5 11 7 6 6 12 6 13 8 15 5 4 13 13 8 15 14 9 13 14 13 13 7 11 
5 4 9 6 7 4 6 12 5 8 10 11 10 11 10 11 10 1 11 8 11 17 9 11 0 1 9 15 11 15 13 14 12 13 11 16 2 13 
41
inf 63 4 90 41 60 62 93 38 36 79 29 29 80 63 86 51 28 17 91 67 10 92 75 12 38 52 11 65 63 64 72 26 44 53 83 56 77 19 83 71 
8 7 29 10 32 34 27 27 27 23 30 45 14 26 19 19 20 27 12 42 44 33 16 18 17 31 30 33 9 12 21 5 7 28 38 21 25 23 27 37 18 
29 22 6 27 14 19 18 23 10 18 22 18 18 12 15 28 19 24 17 24 11 10 20 13 12 25 17 19 20 9 21 29 14 20 19 12 15 29 9 31 11 
10 9 17 10 11 14 17 21 16 14 20 13 14 19 21 17 15 26 12 15 16 11 15 18 17 21 21 22 9 12 17 7 9 21 10 9 27 14 14 17 15 
21 19 8 11 14 11 20 18 10 11 16 17 15 12 17 22 17 24 17 12 13 10 15 15 12 21 16 21 14 9 21 18 14 17 16 12 15 19 9 19 13 
12 11 17 10 11 13 17 16 15 14 13 15 14 13 21 19 14 25 12 12 16 11 17 17 17 23 16 23 9 12 19 9 11 14 10 9 16 14 14 17 15 
21 19 10 11 13 11 22 16 10 11 15 17 15 12 18 22 16 24 17 12 15 10 17 16 12 23 18 23 14 9 21 18 14 17 15 12 15 19 9 19 15 
14 13 17 10 11 13 17 16 15 13 13 17 14 13 20 21 14 25 12 12 16 11 18 18 17 24 18 23 9 12 20 11 11 14 10 9 16 14 14 17 15 
21 19 12 11 13 11 22 16 10 11 15 17 15 12 18 22 16 24 17 12 17 10 19 16 12 24 18 25 14 9 21 18 14 16 15 12 15 19 9 19 15 
16 15 17 10 11 13 17 16 15 13 13 17 14 13 20 23 14 25 12 12 16 11 18 18 17 24 20 23 9 12 20 13 11 14 10 9 16 14 14 17 15 
21 19 14 11 13 11 22 16 10 11 15 17 15 12 18 22 16 24 17 12 18 10 19 16 12 24 18 25 14 9 21 18 14 16 15 12 15 19 9 19 15 
18 17 17 10 11 13 17 16 15 13 13 17 14 13 20 24 14 25 12 12 16 11 18 18 17 24 20 23 9 12 20 15 11 14 10 9 16 14 14 17 15 
21 19 14 11 13 11 22 16 10 11 15 17 15 12 18 22 16 24 17 12 18 10 19 16 12 24 18 25 14 9 21 18 14 16 15 12 15 19 9 19 15 
18 17 17 10 11 13 17 16 15 13 13 17 14 13 20 24 14 25 12 12 16 11 18 18 17 24 20 23 9 12 20 15 11 14 10 9 16 14 14 17 15 
21 19 14 11 13 11 22 16 10 11 15 17 15 12 18 22 16 24 17 12 18 10 19 16 12 24 18 25 14 9 21 18 14 16 15 12 15 19 9 19 15 
18 17 17 10 11 13 17 16 15 13 13 17 14 13 20 24 14 25 12 12 16 11 18 18 17 24 20 23 9 12 20 15 11 14 10 9 16 14 14 17 15 
21 19 14 11 13 11 22 16 10 11 15 17 15 12 18 22 16 24 17 12 18 10 19 16 12 24 18 25 14 9 21 18 14 16 15 12 15 19 9 19 15 
18 17 17 10 11 13 17 16 15 13 13 17 14 13 20 24 14 25 12 12 16 11 18 18 17 24 20 23 9 12 20 15 11 14 10 9 16 14 14 17 15 
21 19 14 11 13 11 22 16 10 11 15 17 15 12 18 22 16 24 17 12 18 10 19 16 12 24 18 25 14 9 21 18 14 16 15 12 15 19 9 19 15 
18 17 17 10 11 13 17 16 15 13 13 17 14 13 20 24 14 25 12 12 16 11 18 18 17 24 20 23 9 12 20 15 11 14 10 9 16 14 14 17 15 
21 19 14 11 13 11 22 16 10 11 15 17 15 12 18 22 16 24 17 12 18 10 19 16 12 24 18 25 14 9 21 18 14 16 15 12 15 19 9 19 15 
18 17 17 10 11 13 17 16 15 13 13 17 14 13 20 24 14 25 12 12 16 11 18 18 17 24 20 23 9 12 20 15 11 14 10 9 16 14 14 17 15 
21 19 14 11 13 11 22 16 10 11 15 17 15 12 18 22 16 24 17 12 18 10 19 16 12 24 18 25 14 9 21 18 14 16 15 12 15 19 9 19 15 
18 17 17 10 11 13 17 16 15 13 13 17 14 13 20 24 14 25 12 12 16 11 18 18 17 24 20 23 9 12 20 15 11 14 10 9 16 14 14 17 15 
21 19 14 11 13 11 22 16 10 11 15 17 15 12 18 22 16 24 17 12 18 10 19 16 12 24 18 25 14 9 21 18 14 16 15 12 15 19 9 19 15 
18 17 17 10 11 13 17 16 15 13 13 17 14 13 20 24 14 25 12 12 16 11 18 18 17 24 20 23 9 12 20 15 11 14 10 9 16 14 14 17 15 
21 19 14 11 13 11 22 16 10 11 15 17 15 12 18 22 16 24 17 12 18 10 19 16 12 24 18 25 14 9 21 18 14 16 15 12 15 19 9 19 15 
18 17 17 10 11 13 17 16 15 13 13 17 14 13 20 24 14 25 12 12 16 11 18 18 17 24 20 23 9 12 20 15 11 14 10 9 16 14 14 17 15 
21 19 14 11 13 11 22 16 10 11 15 17 15 12 18 22 16 24 17 12 18 10 19 16 12 24 18 25 14 9 21 18 14 16 15 12 15 19 9 19 15 
18 17 17 10 11 13 17 16 15 13 13 17 14 13 20 24 14 25 12 12 16 11 18 18 17 24 20 23 9 12 20 15 11 14 10 9 16 14 14 17 15 
21 19 14 11 13 11 22 16 10 11 15 17 15 12 18 22 16 24 17 12 18 10 19 16 12 24 18 25 14 9 21 18 14 16 15 12 15 19 9 19 15 
18 17 17 10 11 13 17 16 15 13 13 17 14 13 20 24 14 25 12 12 16 11 18 18 17 24 20 23 9 12 20 15 11 14 10 9 16 14 14 17 15 
21 19 14 11 13 11 22 16 10 11 15 17 15 12 18 22 16 24 17 12 18 10 19 16 12 24 18 25 14 9 21 18 14 16 15 12 15 19 9 19 15 
18 17 17 10 11 13 17 16 15 13 13 17 14 13 20 24 14 25 12 12 16 11 18 18 17 24 20 23 9 12 20 15 11 14 10 9 16 14 14 17 15 
21 19 14 11 13 11 22 16 10 11 15 17 15 12 18 22 16 24 17 12 18 10 19 16 12 24 18 25 14 9 21 18 14 16 15 12 15 19 9 19 15 
18 17 17 10 11 13 17 16 15 13 13 17 14 13 20 24 14 25 12 12 16 11 18 18 17 24 20 23 9 12 20 15 11 14 10 9 16 14 14 17 15 
21 19 14 11 13 11 22 16 10 11 15 17 15 12 18 22 16 24 17 12 18 10 19 16 12 24 18 25 14 9 21 18 14 16 15 12 15 19 9 19 15 
18 17 17 10 11 13 17 16 15 13 13 17 14 13 20 24 14 25 12 12 16 11 18 18 17 24 20 23 9 12 20 15 11 14 10 9 16 14 14 17 15 
21 19 14 11 13 11 22 16 10 11 15 17 15 12 18 22 16 24 17 12 18 10 19 16 12 24 18 25 14 9 21 18 14 16 15 12 15 19 9 19 15 
18 17 17 10 11 13 17 16 15 13 13 17 14 13 20 24 14 25 12 12 16 11 18 18 17 24 20 23 9 12 20 15 11 14 10 9 16 14 14 17 15 
28
inf inf 86 inf 53 inf 80 inf inf inf inf inf inf inf inf inf inf inf inf 49 35 18 inf inf inf inf inf inf 
36 83 130 inf 98 99 inf 90 159 inf inf 64 103 133 53 115 105 96 94 37 182 68 inf 83 82 68 83 96 
86 133 102 117 53 144 97 111 82 88 126 154 118 125 98 100 150 109 119 85 71 54 123 71 152 150 71 84 
72 119 110 118 98 99 135 90 104 130 114 100 120 93 53 86 105 97 105 73 121 104 123 119 82 104 117 124 
122 169 113 104 53 144 121 116 82 98 160 150 122 135 98 108 130 115 118 121 107 90 159 107 104 150 103 120 
106 152 126 126 98 99 143 90 104 140 146 122 144 103 53 86 105 133 105 109 151 133 159 141 82 140 125 124 
151 171 113 104 53 144 121 116 82 108 168 164 122 145 98 108 138 115 125 152 129 124 163 118 104 160 103 151 
106 162 133 126 98 99 143 90 104 146 146 132 144 113 53 86 105 141 105 137 151 133 190 141 82 150 125 124 
151 171 113 104 53 144 121 116 82 118 168 165 122 151 98 108 138 115 125 152 129 124 163 118 104 170 103 151 
106 172 133 126 98 99 143 90 104 146 146 142 144 123 53 86 105 141 105 137 151 133 190 141 82 150 125 124 
151 171 113 104 53 144 121 116 82 120 168 165 122 151 98 108 138 115 125 152 129 124 163 118 104 172 103 151 
106 174 133 126 98 99 143 90 104 146 146 143 144 125 53 86 105 141 105 137 151 133 190 141 82 150 125 124 
151 171 113 104 53 144 121 116 82 120 168 165 122 151 98 108 138 115 125 152 129 124 163 118 104 172 103 151 
106 174 133 126 98 99 143 90 104 146 146 143 144 125 53 86 105 141 105 137 151 133 190 141 82 150 125 124 
151 171 113 104 53 144 121 116 82 120 168 165 122 151 98 108 138 115 125 152 129 124 163 118 104 172 103 151 
106 174 133 126 98 99 143 90 104 146 146 143 144 125 53 86 105 141 105 137 151 133 190 141 82 150 125 124 
151 171 113 104 53 144 121 116 82 120 168 165 122 151 98 108 138 115 125 152 129 124 163 118 104 172 103 151 
106 174 133 126 98 99 143 90 104 146 146 143 144 125 53 86 105 141 105 137 151 133 190 141 82 150 125 124 
151 171 113 104 53 144 121 116 82 120 168 165 122 151 98 108 138 115 125 152 129 124 163 118 104 172 103 151 
106 174 133 126 98 99 143 90 104 146 146 143 144 125 53 86 105 141 105 137 151 133 190 141 82 150 125 124 
151 171 113 104 53 144 121 116 82 120 168 165 122 151 98 108 138 115 125 152 129 124 163 118 104 172 103 151 
106 174 133 126 98 99 143 90 104 146 146 143 144 125 53 86 105 141 105 137 151 133 190 141 82 150 125 124 
151 171 113 104 53 144 121 116 82 120 168 165 122 151 98 108 138 115 125 152 129 124 163 118 104 172 103 151 
106 174 133 126 98 99 143 90 104 146 146 143 144 125 53 86 105 141 105 137 151 133 190 141 82 150 125 124 
151 171 113 104 53 144 121 116 82 120 168 165 122 151 98 108 138 115 125 152 129 124 163 118 104 172 103 151 
106 174 133 126 98 99 143 90 104 146 146 143 144 125 53 86 105 141 105 137 151 133 190 141 82 150 125 124 
151 171 113 104 53 144 121 116 82 120 168 165 122 151 98 108 138 115 125 152 129 124 163 118 104 172 103 151 
54
inf inf 19 inf inf 69 59 inf inf inf inf inf 57 inf inf inf inf inf inf inf 80 inf 76 99 7 inf 38 75 inf inf inf 46 1 29 inf inf inf inf inf inf inf inf inf 62 52 89 inf 67 3 inf 65 inf inf 69 
2 26 50 122 28 47 38 83 16 3 70 34 8 23 54 59 25 15 59 66 28 45 45 64 3 29 51 40 30 27 32 42 9 40 64 6 10 31 72 49 65 53 72 9 83 56 46 55 101 45 28 57 75 38 
10 22 21 38 16 28 35 55 12 18 49 20 4 34 33 21 17 6 27 15 6 37 62 27 9 40 28 32 20 10 43 37 3 29 14 14 18 29 46 21 36 8 54 5 8 27 27 43 3 30 24 29 37 36 
4 16 25 36 19 24 19 33 18 3 46 16 10 25 23 15 25 13 10 22 14 22 23 23 5 13 24 21 32 25 32 27 11 32 27 6 12 25 24 12 38 9 41 11 9 22 37 26 13 21 28 20 20 22 
12 21 23 27 18 21 25 28 14 13 30 22 6 29 27 16 19 6 16 15 6 23 24 27 11 14 18 20 20 10 27 25 5 13 14 14 20 19 27 19 25 8 49 7 8 18 27 20 3 14 23 27 21 29 
6 16 26 26 20 14 19 24 20 3 36 18 12 27 23 15 27 15 10 19 14 22 23 25 7 13 23 21 30 20 16 22 13 14 21 6 14 20 24 12 28 9 41 13 9 24 25 26 13 15 21 20 20 22 
14 20 25 25 20 15 25 27 16 13 30 24 8 30 28 16 21 6 16 15 6 21 24 27 13 14 18 20 20 10 17 15 7 13 14 14 22 19 27 21 25 8 49 9 8 20 22 20 3 14 14 29 21 23 
6 16 26 26 20 14 19 26 22 3 36 20 14 29 23 15 28 15 10 19 14 22 23 27 9 13 22 21 30 20 16 16 15 14 21 6 16 20 24 12 28 9 41 15 9 26 15 26 13 15 15 20 20 22 
16 20 25 27 22 15 25 27 18 13 30 26 10 30 28 16 23 6 16 15 6 21 24 27 13 14 18 20 20 10 17 15 7 13 14 14 24 19 27 21 25 8 49 11 8 22 16 20 3 14 14 29 21 23 
6 16 26 26 20 14 19 28 22 3 36 22 14 29 23 15 28 15 10 19 14 22 23 27 9 13 22 21 30 20 16 16 15 14 21 6 16 20 24 12 28 9 41 15 9 28 15 26 13 15 15 20 20 22 
16 20 25 27 22 15 25 27 18 13 30 26 10 30 28 16 23 6 16 15 6 21 24 27 13 14 18 20 20 10 17 15 7 13 14 14 24 19 27 21 25 8 49 11 8 24 16 20 3 14 14 29 21 23 
6 16 26 26 20 14 19 28 22 3 36 22 14 29 23 15 28 15 10 19 14 22 23 27 9 13 22 21 30 20 16 16 15 14 21 6 16 20 24 12 28 9 41 15 9 28 15 26 13 15 15 20 20 22 
16 20 25 27 22 15 25 27 18 13 30 26 10 30 28 16 23 6 16 15 6 21 24 27 13 14 18 20 20 10 17 15 7 13 14 14 24 19 27 21 25 8 49 11 8 24 16 20 3 14 14 29 21 23 
6 16 26 26 20 14 19 28 22 3 36 22 14 29 23 15 28 15 10 19 14 22 23 27 9 13 22 21 30 20 16 16 15 14 21 6 16 20 24 12 28 9 41 15 9 28 15 26 13 15 15 20 20 22 
16 20 25 27 22 15 25 27 18 13 30 26 10 30 28 16 23 6 16 15 6 21 24 27 13 14 18 20 20 10 17 15 7 13 14 14 24 19 27 21 25 8 49 11 8 24 16 20 3 14 14 29 21 23 
6 16 26 26 20 14 19 28 22 3 36 22 14 29 23 15 28 15 10 19 14 22 23 27 9 13 22 21 30 20 16 16 15 14 21 6 16 20 24 12 28 9 41 15 9 28 15 26 13 15 15 20 20 22 
16 20 25 27 22 15 25 27 18 13 30 26 10 30 28 16 23 6 16 15 6 21 24 27 13 14 18 20 20 10 17 15 7 13 14 14 24 19 27 21 25 8 49 11 8 24 16 20 3 14 14 29 21 23 
6 16 26 26 20 14 19 28 22 3 36 22 14 29 23 15 28 15 10 19 14 22 23 27 9 13 22 21 30 20 16 16 15 14 21 6 16 20 24 12 28 9 41 15 9 28 15 26 13 15 15 20 20 22 
16 20 25 27 22 15 25 27 18 13 30 26 10 30 28 16 23 6 16 15 6 21 24 27 13 14 18 20 20 10 17 15 7 13 14 14 24 19 27 21 25 8 49 11 8 24 16 20 3 14 14 29 21 23 
6 16 26 26 20 14 19 28 22 3 36 22 14 29 23 15 28 15 10 19 14 22 23 27 9 13 22 21 30 20 16 16 15 14 21 6 16 20 24 12 28 9 41 15 9 28 15 26 13 15 15 20 20 22 
16 20 25 27 22 15 25 27 18 13 30 26 10 30 28 16 23 6 16 15 6 21 24 27 13 14 18 20 20 10 17 15 7 13 14 14 24 19 27 21 25 8 49 11 8 24 16 20 3 14 14 29 21 23 
6 16 26 26 20 14 19 28 22 3 36 22 14 29 23 15 28 15 10 19 14 22 23 27 9 13 22 21 30 20 16 16 15 14 21 6 16 20 24 12 28 9 41 15 9 28 15 26 13 15 15 20 20 22 
16 20 25 27 22 15 25 27 18 13 30 26 10 30 28 16 23 6 16 15 6 21 24 27 13 14 18 20 20 10 17 15 7 13 14 14 24 19 27 21 25 8 49 11 8 24 16 20 3 14 14 29 21 23 
6 16 26 26 20 14 19 28 22 3 36 22 14 29 23 15 28 15 10 19 14 22 23 27 9 13 22 21 30 20 16 16 15 14 21 6 16 20 24 12 28 9 41 15 9 28 15 26 13 15 15 20 20 22 
16 20 25 27 22 15 25 27 18 13 30 26 10 30 28 16 23 6 16 15 6 21 24 27 13 14 18 20 20 10 17 15 7 13 14 14 24 19 27 21 25 8 49 11 8 24 16 20 3 14 14 29 21 23 
6 16 26 26 20 14 19 28 22 3 36 22 14 29 23 15 28 15 10 19 14 22 23 27 9 13 22 21 30 20 16 16 15 14 21 6 16 20 24 12 28 9 41 15 9 28 15 26 13 15 15 20 20 22 
16 20 25 27 22 15 25 27 18 13 30 26 10 30 28 16 23 6 16 15 6 21 24 27 13 14 18 20 20 10 17 15 7 13 14 14 24 19 27 21 25 8 49 11 8 24 16 20 3 14 14 29 21 23 
6 16 26 26 20 14 19 28 22 3 36 22 14 29 23 15 28 15 10 19 14 22 23 27 9 13 22 21 30 20 16 16 15 14 21 6 16 20 24 12 28 9 41 15 9 28 15 26 13 15 15 20 20 22 
16 20 25 27 22 15 25 27 18 13 30 26 10 30 28 16 23 6 16 15 6 21 24 27 13 14 18 20 20 10 17 15 7 13 14 14 24 19 27 21 25 8 49 11 8 24 16 20 3 14 14 29 21 23 
6 16 26 26 20 14 19 28 22 3 36 22 14 29 23 15 28 15 10 19 14 22 23 27 9 13 22 21 30 20 16 16 15 14 21 6 16 20 24 12 28 9 41 15 9 28 15 26 13 15 15 20 20 22 
16 20 25 27 22 15 25 27 18 13 30 26 10 30 28 16 23 6 16 15 6 21 24 27 13 14 18 20 20 10 17 15 7 13 14 14 24 19 27 21 25 8 49 11 8 24 16 20 3 14 14 29 21 23 
6 16 26 26 20 14 19 28 22 3 36 22 14 29 23 15 28 15 10 19 14 22 23 27 9 13 22 21 30 20 16 16 15 14 21 6 16 20 24 12 28 9 41 15 9 28 15 26 13 15 15 20 20 22 
16 20 25 27 22 15 25 27 18 13 30 26 10 30 28 16 23 6 16 15 6 21 24 27 13 14 18 20 20 10 17 15 7 13 14 14 24 19 27 21 25 8 49 11 8 24 16 20 3 14 14 29 21 23 
6 16 26 26 20 14 19 28 22 3 36 22 14 29 23 15 28 15 10 19 14 22 23 27 9 13 22 21 30 20 16 16 15 14 21 6 16 20 24 12 28 9 41 15 9 28 15 26 13 15 15 20 20 22 
16 20 25 27 22 15 25 27 18 13 30 26 10 30 28 16 23 6 16 15 6 21 24 27 13 14 18 20 20 10 17 15 7 13 14 14 24 19 27 21 25 8 49 11 8 24 16 20 3 14 14 29 21 23 
6 16 26 26 20 14 19 28 22 3 36 22 14 29 23 15 28 15 10 19 14 22 23 27 9 13 22 21 30 20 16 16 15 14 21 6 16 20 24 12 28 9 41 15 9 28 15 26 13 15 15 20 20 22 
16 20 25 27 22 15 25 27 18 13 30 26 10 30 28 16 23 6 16 15 6 21 24 27 13 14 18 20 20 10 17 15 7 13 14 14 24 19 27 21 25 8 49 11 8 24 16 20 3 14 14 29 21 23 
6 16 26 26 20 14 19 28 22 3 36 22 14 29 23 15 28 15 10 19 14 22 23 27 9 13 22 21 30 20 16 16 15 14 21 6 16 20 24 12 28 9 41 15 9 28 15 26 13 15 15 20 20 22 
16 20 25 27 22 15 25 27 18 13 30 26 10 30 28 16 23 6 16 15 6 21 24 27 13 14 18 20 20 10 17 15 7 13 14 14 24 19 27 21 25 8 49 11 8 24 16 20 3 14 14 29 21 23 
6 16 26 26 20 14 19 28 22 3 36 22 14 29 23 15 28 15 10 19 14 22 23 27 9 13 22 21 30 20 16 16 15 14 21 6 16 20 24 12 28 9 41 15 9 28 15 26 13 15 15 20 20 22 
16 20 25 27 22 15 25 27 18 13 30 26 10 30 28 16 23 6 16 15 6 21 24 27 13 14 18 20 20 10 17 15 7 13 14 14 24 19 27 21 25 8 49 11 8 24 16 20 3 14 14 29 21 23 
6 16 26 26 20 14 19 28 22 3 36 22 14 29 23 15 28 15 10 19 14 22 23 27 9 13 22 21 30 20 16 16 15 14 21 6 16 20 24 12 28 9 41 15 9 28 15 26 13 15 15 20 20 22 
16 20 25 27 22 15 25 27 18 13 30 26 10 30 28 16 23 6 16 15 6 21 24 27 13 14 18 20 20 10 17 15 7 13 14 14 24 19 27 21 25 8 49 11 8 24 16 20 3 14 14 29 21 23 
6 16 26 26 20 14 19 28 22 3 36 22 14 29 23 15 28 15 10 19 14 22 23 27 9 13 22 21 30 20 16 16 15 14 21 6 16 20 24 12 28 9 41 15 9 28 15 26 13 15 15 20 20 22 
16 20 25 27 22 15 25 27 18 13 30 26 10 30 28 16 23 6 16 15 6 21 24 27 13 14 18 20 20 10 17 15 7 13 14 14 24 19 27 21 25 8 49 11 8 24 16 20 3 14 14 29 21 23 
6 16 26 26 20 14 19 28 22 3 36 22 14 29 23 15 28 15 10 19 14 22 23 27 9 13 22 21 30 20 16 16 15 14 21 6 16 20 24 12 28 9 41 15 9 28 15 26 13 15 15 20 20 22 
16 20 25 27 22 15 25 27 18 13 30 26 10 30 28 16 23 6 16 15 6 21 24 27 13 14 18 20 20 10 17 15 7 13 14 14 24 19 27 21 25 8 49 11 8 24 16 20 3 14 14 29 21 23 
6 16 26 26 20 14 19 28 22 3 36 22 14 29 23 15 28 15 10 19 14 22 23 27 9 13 22 21 30 20 16 16 15 14 21 6 16 20 24 12 28 9 41 15 9 28 15 26 13 15 15 20 20 22 
16 20 25 27 22 15 25 27 18 13 30 26 10 30 28 16 23 6 16 15 6 21 24 27 13 14 18 20 20 10 17 15 7 13 14 14 24 19 27 21 25 8 49 11 8 24 16 20 3 14 14 29 21 23 
6 16 26 26 20 14 19 28 22 3 36 22 14 29 23 15 28 15 10 19 14 22 23 27 9 13 22 21 30 20 16 16 15 14 21 6 16 20 24 12 28 9 41 15 9 28 15 26 13 15 15 20 20 22 
16 20 25 27 22 15 25 27 18 13 30 26 10 30 28 16 23 6 16 15 6 21 24 27 13 14 18 20 20 10 17 15 7 13 14 14 24 19 27 21 25 8 49 11 8 24 16 20 3 14 14 29 21 23 
6 16 26 26 20 14 19 28 22 3 36 22 14 29 23 15 28 15 10 19 14 22 23 27 9 13 22 21 30 20 16 16 15 14 21 6 16 20 24 12 28 9 41 15 9 28 15 26 13 15 15 20 20 22 
16 20 25 27 22 15 25 27 18 13 30 26 10 30 28 16 23 6 16 15 6 21 24 27 13 14 18 20 20 10 17 15 7 13 14 14 24 19 27 21 25 8 49 11 8 24 16 20 3 14 14 29 21 23 
28
inf 40 78 39 84 46 51 76 62 98 63 27 2 59 9 85 61 1 27 38 74 48 63 2 56 60 inf 81 
2 11 37 14 27 47 35 6 10 14 23 9 27 39 25 55 44 28 10 1 44 3 13 32 29 35 22 26 
29 25 17 15 23 11 16 9 24 15 8 25 4 16 5 16 7 1 10 10 7 8 11 4 6 12 12 5 
2 7 25 13 18 16 17 8 12 16 11 5 9 16 10 12 16 10 10 1 9 5 8 13 11 10 21 10 
11 11 15 11 18 13 13 9 17 14 8 10 4 15 5 15 7 1 9 10 7 8 11 4 8 8 14 7 
2 7 20 9 16 16 15 8 12 12 11 5 9 13 10 12 16 10 10 1 11 5 8 13 11 12 18 10 
11 12 15 13 20 13 13 9 17 10 8 10 4 11 5 15 7 1 9 10 7 8 11 4 8 8 14 7 
2 7 20 9 16 16 12 8 12 14 11 5 9 15 10 12 16 10 10 1 11 5 8 13 11 12 18 10 
11 12 15 13 20 13 13 9 17 10 8 10 4 11 5 15 7 1 9 10 7 8 11 4 8 8 14 7 
2 7 20 9 16 16 12 8 12 14 11 5 9 15 10 12 16 10 10 1 11 5 8 13 11 12 18 10 
11 12 15 13 20 13 13 9 17 10 8 10 4 11 5 15 7 1 9 10 7 8 11 4 8 8 14 7 
2 7 20 9 16 16 12 8 12 14 11 5 9 15 10 12 16 10 10 1 11 5 8 13 11 12 18 10 
11 12 15 13 20 13 13 9 17 10 8 10 4 11 5 15 7 1 9 10 7 8 11 4 8 8 14 7 
2 7 20 9 16 16 12 8 12 14 11 5 9 15 10 12 16 10 10 1 11 5 8 13 11 12 18 10 
11 12 15 13 20 13 13 9 17 10 8 10 4 11 5 15 7 1 9 10 7 8 11 4 8 8 14 7 
2 7 20 9 16 16 12 8 12 14 11 5 9 15 10 12 16 10 10 1 11 5 8 13 11 12 18 10 
11 12 15 13 20 13 13 9 17 10 8 10 4 11 5 15 7 1 9 10 7 8 11 4 8 8 14 7 
2 7 20 9 16 16 12 8 12 14 11 5 9 15 10 12 16 10 10 1 11 5 8 13 11 12 18 10 
11 12 15 13 20 13 13 9 17 10 8 10 4 11 5 15 7 1 9 10 7 8 11 4 8 8 14 7 
2 7 20 9 16 16 12 8 12 14 11 5 9 15 10 12 16 10 10 1 11 5 8 13 11 12 18 10 
11 12 15 13 20 13 13 9 17 10 8 10 4 11 5 15 7 1 9 10 7 8 11 4 8 8 14 7 
2 7 20 9 16 16 12 8 12 14 11 5 9 15 10 12 16 10 10 1 11 5 8 13 11 12 18 10 
11 12 15 13 20 13 13 9 17 10 8 10 4 11 5 15 7 1 9 10 7 8 11 4 8 8 14 7 
2 7 20 9 16 16 12 8 12 14 11 5 9 15 10 12 16 10 10 1 11 5 8 13 11 12 18 10 
11 12 15 13 20 13 13 9 17 10 8 10 4 11 5 15 7 1 9 10 7 8 11 4 8 8 14 7 
2 7 20 9 16 16 12 8 12 14 11 5 9 15 10 12 16 10 10 1 11 5 8 13 11 12 18 10 
11 12 15 13 20 13 13 9 17 10 8 10 4 11 5 15 7 1 9 10 7 8 11 4 8 8 14 7 
