70
822372443 5867871
32189810 8716726
810550318 498022
47288862 9789699
653576737 190682
118723739 556485
245294482 2593725
285048813 9067292
279821857 8093988
847123424 6192435
863244249 4396365
702018172 5547881
608053525 1694280
906332647 3410144
6329716 4401320
824129182 4295307
611963266 1007124
478665650 6338275
433095480 4172575
352653126 9602638
678569174 3067007
694671609 4688576
813782845 1802807
991577030 8029371
940266811 4652908
818555974 1085202
888979999 8601478
634287452 1187576
322110743 7541677
985188067 600006
631878245 9682506
811535604 4108886
160483728 9638414
693522870 2844420
884720865 4461892
298071892 5240713
575507964 6922083
511466067 5011083
642936658 8786115
152796023 9267735
912912161 9819988
495733060 6672415
637498859 608111
791296453 6545309
434658196 6657225
454674407 3434612
885582929 9464195
711767456 7274174
784167535 5266478
512995950 1119791
376478263 1839912
942682200 9426822
262022167 1362000
865896301 6639741
986829475 3589885
798211716 727548
277934941 6866680
353376860 4085543
960951474 6522239
242225459 728300
978964715 3907847
715820474 9078158
922495547 227694
767872791 1865897
600581819 6329446
129054027 6794864
83013212 5077539
675700736 5509467
50547780 5054778
661256149 7289711
