2
3 10 
2
20 21 
1
1
5
8 9 24 43 53 
1
1
1
1
1
42 
4
9 10 34 53 
4
1 53 58 79 
6
1 4 10 95 96 97 
4
7 29 61 80 
3
6 29 59 
5
6 13 18 70 95 
5
0 5 8 53 80 
5
9 49 51 71 90 
1
1
1
1
2
1 23 
4
2 13 17 19 
4
4 20 21 25 
5
2 20 57 84 92 
4
2 6 8 30 
5
3 29 30 53 68 
4
3 48 52 59 
3
3 17 52 
4
0 4 7 35 
5
0 4 5 29 85 
4
4 10 15 16 
5
4 30 36 82 97 
3
4 59 69 
5
4 50 51 53 59 
5
3 5 41 50 92 
3
7 58 59 
4
6 10 30 58 
3
8 60 63 
4
6 24 74 94 
4
6 13 73 90 
3
0 6 72 
2
6 73 
5
3 17 70 74 81 
4
7 12 19 54 
3
7 60 63 
3
7 10 68 
5
7 21 64 69 83 
4
7 85 90 93 
3
8 15 56 
5
8 13 16 25 29 
4
8 64 71 72 
4
8 70 74 75 
3
49 75 90 
3
9 10 60 
5
9 10 37 43 85 
5
4 8 90 91 95 
6
3 9 14 20 57 86 
4
9 27 37 87 
3
9 31 52 
4
1 2 5 94 
5
6 8 10 17 96 
2
1 80 
6
4 6 10 15 70 81 
4
6 42 48 60 
4
2 60 64 65 
1
1
6
1 8 34 36 43 57 
4
0 13 27 28 
3
2 39 85 
5
3 5 9 24 86 
4
3 9 14 90 
4
2 4 18 35 
6
2 40 51 54 67 96 
5
5 25 30 53 97 
4
5 13 34 40 
5
0 2 51 54 68 
4
3 7 54 81 
6
7 12 13 20 62 84 
5
7 8 14 53 64 
4
9 40 65 87 
3
3 50 67 
3
7 25 51 
5
0 9 41 64 72 
5
0 16 46 75 78 
5
0 19 57 82 89 
3
9 26 34 
5
4 12 51 67 95 
1
1
6
4 5 10 20 30 36 
5
2 5 7 16 98 
5
6 25 71 83 90 
3
28 34 62 
4
30 58 68 96 
4
4 8 20 65 
5
7 42 51 61 93 
4
5 9 27 81 
5
5 23 37 49 67 
4
0 9 21 58 
6
2 8 36 50 61 74 
3
7 51 58 
6
4 8 26 30 69 81 
6
7 9 14 34 46 86 
5
0 1 2 6 43 
5
0 6 32 90 93 
5
1 3 4 38 40 
5
8 17 41 42 54 
6
8 17 29 32 44 65 
7
1 3 4 12 20 58 96 
6
2 27 39 45 90 95 
5
8 47 58 65 91 
3
1 74 80 
4
1 5 40 89 
5
2 9 51 80 84 
1
1
1
1
19
0 1 2 3 4 5 9 15 21 35 36 50 54 56 57 59 63 71 91 
1
1
1
1
10
0 1 3 4 6 7 13 41 60 76 
21
0 3 4 5 7 8 9 24 27 37 43 50 54 57 60 72 75 76 78 79 97 
1
1
1
1
1
1
18
0 1 2 3 4 6 7 9 10 30 32 40 42 50 52 70 91 92 
18
0 1 2 4 6 7 9 10 17 21 26 37 38 43 49 63 73 83 
16
1 2 3 4 5 6 8 9 13 26 36 61 63 65 68 69 
21
0 1 2 3 4 5 6 8 9 16 32 48 58 59 61 63 67 79 80 84 95 
17
0 1 2 3 6 8 16 29 37 51 69 80 82 83 88 89 92 
12
0 1 3 5 6 7 8 17 38 63 70 87 
13
0 1 3 4 5 7 17 20 30 31 45 50 70 
25
0 1 2 3 4 5 6 7 8 9 17 24 38 43 49 50 53 56 70 72 73 82 86 92 96 
21
1 2 3 4 5 6 9 19 27 31 32 43 44 45 47 64 74 81 83 96 98 
19
0 1 2 3 4 6 7 8 9 19 25 40 59 65 76 89 92 93 96 
12
0 2 3 4 8 9 20 32 49 82 89 93 
10
1 2 7 9 17 19 21 79 91 92 
16
0 2 3 4 7 9 31 34 35 36 39 40 47 49 53 63 
10
2 3 6 7 23 26 32 37 62 72 
19
0 1 2 3 4 6 8 9 10 29 46 54 58 59 89 91 92 95 99 
17
0 2 4 5 7 8 9 24 28 29 40 57 75 78 82 87 94 
14
0 2 3 4 5 8 9 24 28 30 35 42 83 92 
16
0 1 3 4 5 6 8 10 13 14 31 46 60 64 65 68 
11
2 3 4 23 28 32 34 43 48 63 83 
12
0 2 3 4 6 7 23 36 60 64 67 73 
15
0 3 5 6 7 8 36 43 57 63 64 78 80 87 88 
18
1 2 3 6 7 8 9 16 21 25 37 47 56 62 63 78 86 96 
18
2 3 4 5 7 8 9 29 35 37 38 48 75 78 83 85 89 97 
17
0 2 3 4 8 9 17 29 41 42 43 46 69 70 78 94 97 
24
0 1 4 5 6 8 9 18 30 31 32 35 37 43 53 67 71 72 80 81 85 87 95 97 
18
0 2 3 4 6 7 26 37 42 43 60 62 63 64 70 72 73 74 
12
1 3 4 6 7 9 16 19 36 43 61 76 
19
2 4 6 7 8 9 15 24 26 27 46 49 62 68 79 82 84 86 88 
20
0 2 3 4 5 6 7 9 10 20 21 27 30 36 49 50 58 63 82 96 
11
1 2 5 7 8 18 25 51 72 85 87 
12
1 3 5 7 8 18 35 37 51 57 73 85 
16
1 2 4 5 7 8 12 26 28 42 46 54 72 78 81 87 
21
0 1 2 3 4 5 6 7 8 9 12 24 31 32 56 65 67 81 84 85 90 
25
0 2 4 5 6 7 8 9 17 20 24 25 26 29 37 57 70 71 74 76 80 81 83 86 97 
15
2 5 6 9 12 21 22 25 26 29 52 59 91 92 95 
14
0 1 2 3 4 5 6 8 13 20 38 54 61 73 
21
0 1 2 3 4 5 6 8 9 19 20 24 29 38 46 49 50 54 61 73 83 
15
0 1 2 3 6 7 13 20 27 32 34 36 47 61 76 
16
0 1 2 3 4 6 7 9 10 15 19 29 41 51 62 73 
17
1 2 4 5 6 7 8 9 24 25 26 46 58 62 67 71 86 
15
2 4 6 7 8 46 53 56 62 64 65 67 68 76 86 
16
0 1 3 6 7 8 9 10 38 39 40 63 70 81 86 89 
16
0 1 2 3 4 6 7 20 30 31 36 38 40 63 73 83 
16
0 1 2 4 5 6 8 12 14 15 24 25 41 58 80 84 
13
0 1 4 6 7 8 10 46 69 78 87 89 94 
6
0 6 9 69 90 96 
7
2 5 7 25 27 57 72 
21
0 1 3 4 5 6 7 8 15 17 19 21 31 40 47 49 57 63 74 78 82 
19
0 1 2 3 5 7 9 10 13 15 17 23 27 51 70 73 90 93 95 
15
0 1 4 5 6 7 8 9 15 16 26 58 60 79 94 
20
0 3 4 5 7 8 9 23 32 42 47 48 52 54 79 83 85 90 94 97 
16
0 1 4 5 7 8 9 17 19 41 57 74 79 87 90 98 
21
0 1 2 4 5 6 7 8 21 35 50 52 53 54 56 58 59 80 84 87 95 
13
0 1 3 4 5 8 10 31 35 38 45 53 85 
18
0 1 2 3 5 8 9 12 20 25 28 31 35 39 53 81 91 95 
20
1 2 3 4 5 7 8 9 17 21 23 25 28 32 52 62 75 76 84 92 
11
2 3 6 8 9 29 36 38 86 89 92 
13
1 3 5 6 7 8 9 35 51 89 94 96 97 
22
0 1 3 4 5 7 8 9 10 12 16 19 21 36 53 61 70 78 90 92 95 96 
18
0 2 3 5 6 7 8 9 24 34 39 42 57 65 69 70 92 98 
20
0 1 2 3 4 5 7 8 9 15 29 30 48 51 57 72 83 91 94 97 
17
0 1 2 3 4 5 8 9 13 20 38 45 54 81 83 89 95 
21
0 1 2 3 4 5 6 7 8 9 26 28 34 43 72 79 82 89 90 91 95 
10
0 4 6 9 40 49 60 69 94 96 
21
0 2 3 4 5 6 7 8 9 19 21 28 36 53 58 65 76 78 82 84 97 
18
1 3 4 5 7 8 9 14 27 31 39 49 62 79 83 87 91 98 
14
1 2 4 8 9 14 19 21 24 42 81 84 89 98 
22
0 2 4 5 6 7 8 9 10 14 15 16 17 20 29 41 52 65 69 80 85 89 
1
1
12
0 3 4 6 7 9 30 40 60 70 76 90 
1
1
1
1
1
1
14
0 1 2 3 4 5 8 10 12 13 31 38 51 81 
14
1 2 4 6 7 12 21 24 26 42 61 64 67 72 
11
0 1 2 5 6 12 15 26 50 61 62 
11
1 2 6 8 12 21 28 51 61 68 86 
16
0 1 3 4 6 7 8 16 31 35 38 40 58 71 76 83 
11
1 4 7 8 14 47 48 71 74 81 84 
18
0 1 4 5 6 7 9 14 15 31 46 51 53 60 69 71 91 94 
16
0 1 2 3 4 5 6 7 8 9 43 50 60 73 89 95 
17
1 2 4 5 7 8 9 19 24 28 47 58 72 74 75 87 97 
19
1 3 4 5 6 7 9 19 37 45 50 53 59 65 70 71 74 76 97 
19
0 1 2 3 4 5 6 7 10 14 21 32 41 42 51 78 81 91 92 
14
2 3 4 5 7 8 23 32 37 45 58 72 74 82 
13
0 2 4 5 8 24 40 42 45 48 54 82 85 
21
0 2 3 4 5 6 7 12 20 24 25 29 32 37 53 57 62 63 71 78 83 
17
0 1 2 4 5 6 7 26 28 36 47 57 60 61 71 74 83 
15
2 3 5 7 8 9 12 23 25 28 29 32 72 81 82 
19
2 3 4 6 7 8 9 24 27 29 32 42 43 48 64 72 79 82 96 
19
0 1 2 3 4 5 6 8 18 28 38 41 50 68 81 82 83 84 86 
18
0 2 3 4 5 6 7 8 9 28 30 31 42 45 69 80 93 97 
12
2 3 4 7 8 28 32 48 74 80 82 84 
16
0 1 2 3 8 9 12 18 21 29 30 82 89 91 92 93 
11
0 3 5 9 30 39 43 53 93 94 95 
13
0 1 3 4 8 9 10 11 13 19 31 43 93 
18
0 1 2 3 5 6 7 8 9 13 16 23 40 54 56 69 71 82 
16
0 2 3 4 7 8 9 28 32 40 43 49 72 82 89 94 
19
0 1 3 4 6 7 8 9 19 29 35 49 50 58 69 71 87 90 93 
13
3 4 5 7 27 29 49 52 59 73 75 79 97 
12
0 3 4 6 9 39 46 60 63 90 93 94 
18
0 1 2 3 4 6 7 8 9 23 36 40 43 61 65 80 89 94 
15
2 4 6 7 9 14 24 40 42 44 47 48 54 64 89 
16
1 2 4 5 7 8 11 12 15 17 48 58 71 78 81 88 
14
0 1 3 4 6 7 10 17 30 34 41 63 74 76 
22
1 2 4 5 6 7 8 9 19 37 40 48 51 60 61 74 77 85 90 91 93 94 
20
0 1 3 4 5 6 8 10 14 17 20 34 36 45 50 54 56 63 70 82 
12
3 4 6 7 9 39 46 63 64 73 93 97 
15
0 4 5 6 7 9 40 45 46 48 54 64 74 79 94 
17
2 4 5 6 9 24 42 44 45 46 49 64 67 69 74 79 94 
10
1 4 6 7 14 16 44 47 64 71 
13
0 4 5 6 7 9 40 46 49 54 64 84 94 
18
1 2 4 5 6 7 8 13 14 16 26 28 34 40 41 56 62 85 
18
1 2 4 6 7 8 9 24 49 62 67 68 69 78 86 91 92 98 
18
0 1 2 3 4 5 9 10 14 29 49 59 64 91 93 94 96 99 
23
1 2 3 5 6 7 8 9 18 26 35 37 41 51 53 62 63 69 72 78 82 83 92 
22
1 2 4 5 6 7 8 9 15 16 26 30 49 51 52 59 61 65 69 75 76 81 
20
1 5 6 7 8 15 25 30 34 39 41 43 45 52 56 58 63 65 71 83 
20
0 2 3 4 5 6 7 8 9 19 23 31 36 39 43 53 70 82 84 98 
14
0 1 4 5 8 9 19 39 40 53 58 89 94 95 
16
2 4 5 7 8 9 34 35 42 49 57 74 75 84 94 95 
19
0 1 2 5 7 8 9 10 17 21 25 27 58 79 80 81 90 91 95 
22
0 1 2 3 4 5 8 9 13 29 34 38 41 48 58 82 84 85 86 88 89 98 
17
0 1 2 3 4 6 8 9 10 13 16 27 46 64 70 72 94 
6
1 4 6 16 46 61 
19
1 2 3 4 6 8 9 12 16 20 23 24 25 28 32 46 56 62 76 
22
0 1 2 3 4 5 6 7 8 9 27 30 38 39 41 44 49 70 85 94 96 98 
17
0 1 2 3 5 6 8 13 23 32 35 36 38 53 61 73 80 
16
0 2 3 5 6 9 13 19 20 21 26 32 39 53 58 92 
16
0 3 4 5 6 7 8 9 30 47 57 67 71 77 78 97 
13
0 2 3 4 5 7 9 23 25 32 54 70 90 
20
1 2 3 4 6 7 8 9 37 52 70 72 73 74 75 76 77 78 92 96 
13
1 4 7 9 14 41 47 49 64 71 76 79 94 
20
0 1 2 3 4 5 6 7 8 9 12 29 31 50 53 54 60 63 72 90 
20
1 2 3 4 5 6 7 8 13 34 35 38 40 41 45 64 65 67 76 93 
12
0 3 4 7 8 14 31 43 47 71 78 80 
16
0 1 4 5 7 8 9 19 47 59 70 71 74 75 78 87 
12
2 4 7 8 9 28 42 79 82 87 94 97 
12
0 1 2 6 7 8 10 18 20 60 68 80 
15
0 1 4 5 6 7 8 14 18 28 30 41 62 70 81 
17
0 1 2 3 8 9 12 20 26 28 29 32 52 82 93 95 96 
15
0 1 2 3 5 8 15 18 28 38 53 80 89 95 98 
12
2 3 4 5 7 8 27 34 45 73 82 84 
9
2 5 8 9 25 29 58 82 98 
15
1 2 3 6 8 18 28 31 36 61 68 81 82 83 86 
19
1 2 3 6 8 9 19 23 29 39 69 81 83 86 91 92 93 96 99 
16
0 2 4 5 6 7 8 20 28 45 50 56 57 58 64 72 
16
0 1 3 4 7 8 9 10 37 38 39 48 49 71 84 98 
14
3 4 5 7 8 39 47 53 74 78 84 85 94 95 
13
3 4 5 8 9 39 43 48 54 83 85 95 98 
19
0 1 2 4 5 6 7 8 13 16 23 36 41 57 61 62 65 78 81 
13
0 4 6 8 9 18 28 48 68 80 81 86 89 
18
0 1 2 5 7 8 9 17 21 28 37 57 72 73 75 79 87 97 
16
0 1 5 6 7 9 17 50 61 68 70 71 75 78 87 96 
15
2 5 6 8 9 25 26 28 52 65 68 89 95 96 98 
11
0 1 2 3 8 9 20 38 81 92 98 
10
0 1 3 4 6 9 19 34 40 90 
18
0 1 2 3 4 5 6 8 9 10 28 68 78 80 84 85 89 91 
16
0 1 2 3 4 6 7 9 10 15 19 39 50 56 71 91 
18
2 3 4 5 7 8 9 28 32 45 52 53 57 74 84 87 89 92 
16
0 2 3 5 6 7 9 17 23 38 39 67 70 75 87 93 
16
0 2 4 5 6 9 20 24 26 45 50 54 56 59 62 94 
15
0 1 5 7 9 10 18 49 50 54 57 71 87 89 95 
15
0 1 2 3 4 5 6 8 9 16 46 56 60 62 96 
11
6 7 8 9 68 69 76 78 79 87 97 
1
1
1
1
1
1
20
2 3 4 5 6 8 9 14 22 26 28 31 35 39 42 51 52 59 62 93 
21
0 1 2 3 5 6 8 9 10 12 13 15 16 19 23 31 61 80 82 83 98 
12
1 2 5 8 12 16 18 25 58 62 68 81 
23
0 1 2 3 4 6 7 8 9 27 31 37 38 46 68 76 78 80 84 86 89 92 97 
16
0 4 5 6 7 9 30 35 36 43 54 60 73 90 93 95 
17
1 2 3 4 5 6 20 21 22 24 28 56 57 62 72 82 84 
14
1 4 6 7 10 13 14 16 17 36 37 47 61 71 
19
1 2 3 4 5 6 7 8 26 34 40 41 42 44 48 49 54 74 95 
20
0 1 3 4 5 6 7 8 9 13 15 38 43 45 46 47 59 71 84 94 
11
0 2 4 5 6 7 20 40 52 64 74 
18
1 2 3 4 5 6 7 9 13 26 36 46 49 54 61 65 67 75 
18
0 2 3 4 5 8 9 29 34 43 44 48 54 80 82 93 94 95 
17
0 2 3 5 8 20 23 25 26 29 32 58 63 80 85 89 93 
10
0 1 6 8 9 19 60 81 86 98 
15
1 2 3 6 7 8 12 13 16 21 31 62 67 71 81 
21
0 1 3 4 5 6 7 8 9 18 20 34 37 43 57 64 67 71 83 92 95 
17
3 4 5 6 7 8 25 27 28 36 38 45 48 53 68 72 84 
14
0 1 4 5 6 7 8 9 12 26 69 70 80 90 
11
3 6 7 9 39 69 73 76 93 96 97 
20
0 1 2 3 4 5 6 7 10 12 15 16 17 21 23 40 52 64 72 74 
17
0 1 5 6 7 8 10 15 17 18 32 58 61 75 81 86 87 
10
0 1 5 6 7 10 51 57 65 76 
13
0 3 4 5 6 8 20 30 45 61 64 70 86 
21
1 2 3 4 5 6 7 8 9 17 39 40 43 45 59 73 79 87 93 94 99 
7
1 2 9 19 21 29 92 
18
1 4 6 7 8 9 15 16 18 19 41 54 67 74 76 78 94 96 
17
1 3 4 5 6 8 9 15 16 38 48 58 65 78 86 88 97 
19
1 2 4 6 7 8 9 29 40 61 64 78 82 87 88 89 96 97 98 
1
1
1
1
12
0 2 5 6 8 28 56 60 65 80 82 85 
1
1
1
1
13
0 3 7 8 9 37 39 78 80 83 87 89 98 
19
0 1 2 3 4 6 7 10 21 24 31 32 34 37 43 61 64 71 74 
30
0 1 3 4 5 6 7 8 9 10 14 38 46 47 51 53 54 56 69 71 73 74 75 76 81 85 86 93 94 95 
25
0 1 2 5 6 7 9 10 15 21 25 26 29 50 59 61 67 70 72 75 76 79 90 96 97 
27
0 1 5 6 7 8 9 18 19 56 60 61 65 67 68 69 75 79 80 87 88 89 90 91 95 97 98 
26
0 1 2 3 4 5 7 9 10 17 19 21 25 29 31 32 35 41 47 50 53 54 71 75 79 91 
22
1 2 3 4 5 8 11 12 18 25 28 31 35 38 41 42 43 45 51 82 83 84 
27
0 1 2 3 4 5 6 7 8 9 18 23 35 37 45 50 54 55 57 69 71 72 74 76 84 87 97 
36
0 1 2 3 4 5 6 7 8 9 16 22 23 24 29 34 38 39 41 46 48 58 60 61 64 65 66 68 69 71 72 74 82 87 91 96 
12
0 1 2 3 6 16 26 31 32 36 60 63 
18
0 1 2 5 6 8 10 12 15 16 25 26 51 68 80 82 85 86 
29
0 1 2 3 4 5 6 7 8 9 14 23 24 26 27 30 44 45 49 51 57 68 78 81 84 85 87 92 94 
26
0 1 2 3 4 5 6 7 8 9 17 19 27 29 30 41 42 46 48 49 51 67 69 74 80 95 
30
0 1 2 3 4 5 6 7 8 9 13 21 26 28 31 32 33 34 35 36 37 43 63 71 72 76 78 79 83 90 
27
0 1 2 3 4 5 6 7 8 9 14 21 29 31 39 43 58 59 63 70 82 83 86 87 89 90 98 
24
1 2 3 4 8 9 13 18 19 23 28 29 31 32 38 39 48 81 83 84 88 89 93 94 
14
0 3 5 6 8 35 38 50 53 56 58 65 68 85 
18
1 3 6 7 8 9 13 16 37 67 71 73 76 78 79 83 86 96 
21
0 2 3 4 5 6 9 25 30 34 40 42 44 46 49 59 64 69 92 93 94 
16
0 1 2 4 5 6 15 20 21 24 26 42 50 54 61 64 
26
0 1 4 5 6 7 8 9 10 14 16 40 41 45 46 50 54 56 64 69 70 74 87 90 94 96 
33
0 1 2 3 4 5 6 7 8 9 18 20 32 34 35 37 39 46 54 56 63 64 66 69 75 81 85 86 89 91 92 96 97 
27
0 1 2 3 4 5 6 7 9 19 24 26 29 34 39 45 47 49 50 65 67 69 79 91 92 93 95 
27
0 1 2 3 5 6 7 9 10 16 17 19 26 30 32 37 53 60 61 62 66 67 69 76 95 96 97 
31
1 2 3 4 5 6 7 8 9 12 17 18 19 21 25 29 34 37 43 51 52 54 57 65 69 72 76 84 89 91 97 
36
0 1 2 3 4 5 6 7 8 9 10 25 26 32 33 34 36 38 43 45 48 58 59 65 68 71 73 75 78 83 84 86 87 93 96 97 
23
4 5 6 7 8 9 45 54 55 57 58 59 65 67 74 75 76 78 85 87 94 95 98 
13
0 2 5 6 7 20 25 26 27 52 62 75 76 
14
4 5 6 7 45 46 56 64 65 66 67 74 75 76 
16
0 1 2 3 7 8 18 21 23 30 71 73 81 82 83 87 
19
2 4 6 7 9 22 26 27 29 46 62 64 67 69 72 74 79 92 96 
19
2 3 4 5 7 9 23 27 35 43 47 52 53 54 57 79 92 94 97 
33
0 1 2 3 4 5 6 7 8 9 12 15 19 23 35 38 39 41 42 46 47 48 49 54 64 76 79 82 85 86 89 90 94 
24
0 1 2 4 6 7 9 14 17 20 46 61 62 64 67 69 72 74 76 79 86 87 96 98 
11
0 2 3 6 8 26 32 38 62 63 80 
11
0 5 7 8 9 57 59 75 80 97 98 
19
3 4 5 6 8 9 38 39 43 45 48 49 58 59 63 65 68 84 96 
29
1 2 3 4 5 6 7 8 12 16 23 31 32 35 38 41 43 47 51 52 56 58 64 72 73 76 82 83 86 
27
0 1 3 4 5 6 7 8 9 18 30 36 46 53 54 57 59 63 64 65 67 68 69 76 83 87 91 
9
0 2 8 9 29 82 89 90 98 
23
0 1 3 4 6 7 9 16 17 19 36 37 38 46 47 67 68 69 73 80 90 91 94 
25
2 3 5 6 7 8 9 26 35 58 59 65 69 75 77 78 79 83 85 87 89 92 93 95 97 
18
0 1 2 3 4 8 9 12 28 32 39 49 80 81 82 83 89 94 
22
2 4 5 6 7 8 9 25 29 42 45 46 47 49 54 75 79 82 85 86 89 98 
20
0 1 2 3 4 5 7 17 24 31 40 41 42 43 51 52 70 71 72 75 
31
0 1 2 3 5 6 8 9 10 13 16 18 20 23 25 26 32 35 36 50 51 53 55 56 58 59 63 65 83 85 93 
19
0 1 2 5 6 7 9 10 21 25 29 52 67 71 75 79 91 95 96 
21
1 2 3 4 5 6 7 8 12 15 16 18 25 31 37 41 48 51 54 63 84 
25
1 2 3 4 7 8 13 21 24 27 28 31 32 33 37 38 43 44 47 71 73 74 78 82 84 
22
0 1 3 4 6 7 8 9 14 36 41 47 49 63 64 67 69 76 80 91 93 97 
37
1 2 3 4 5 6 7 9 13 14 15 17 19 21 25 29 34 36 37 41 43 45 51 53 54 56 59 63 65 69 72 73 74 75 76 79 94 
28
0 1 2 3 5 6 7 8 9 17 23 30 31 32 36 38 39 52 56 59 63 70 71 72 78 86 89 93 
20
1 2 4 6 7 9 12 14 16 19 21 42 46 67 72 74 76 79 92 96 
21
0 2 3 4 7 9 20 22 23 24 27 29 32 42 70 72 73 74 79 92 94 
18
0 2 4 5 6 8 9 28 29 48 49 52 59 62 64 80 95 96 
12
0 1 2 8 9 12 18 19 28 29 80 91 
33
0 1 2 3 4 5 6 8 9 12 18 24 26 28 30 32 34 35 38 40 41 43 48 54 56 58 64 83 89 90 92 95 98 
22
0 1 2 4 5 6 8 9 19 20 21 25 26 28 46 52 60 61 62 80 90 96 
22
2 4 5 6 7 8 24 28 48 54 58 68 72 74 75 76 78 82 84 85 87 88 
27
0 1 2 3 4 5 8 9 19 25 28 31 35 38 41 42 43 52 54 59 80 85 90 92 93 98 99 
21
1 2 3 4 5 6 9 14 25 29 31 32 35 36 42 43 52 53 64 93 96 
22
0 2 3 5 6 7 8 25 27 35 37 58 60 62 63 65 67 76 80 82 83 85 
28
0 1 2 3 5 6 7 8 9 12 19 28 37 50 51 52 53 56 59 62 63 69 70 71 83 86 89 95 
28
0 1 3 4 5 6 7 8 9 14 17 18 34 39 40 43 44 47 56 60 61 65 67 68 69 76 86 95 
22
0 1 2 4 5 6 8 12 14 15 28 41 42 45 48 50 51 54 56 65 81 84 
15
3 4 5 8 9 34 35 38 48 58 83 89 94 95 98 
22
2 3 4 5 7 9 25 29 32 35 39 49 52 53 54 59 72 74 75 79 95 97 
24
0 1 4 5 6 7 8 9 45 46 50 61 64 65 66 67 69 71 74 76 78 79 86 98 
26
0 1 3 4 5 6 7 8 18 31 36 37 40 41 46 51 56 57 64 78 80 81 83 85 86 87 
15
0 1 2 5 6 8 15 16 21 25 28 52 60 85 86 
27
0 1 3 4 5 7 8 9 19 35 37 40 43 44 47 51 53 54 55 58 70 75 81 87 91 93 98 
15
3 4 5 6 7 36 43 45 57 63 64 65 73 74 75 
11
3 4 5 8 35 38 45 48 58 83 84 
20
0 2 3 5 6 8 9 23 25 38 59 63 80 82 83 85 92 93 95 96 
14
3 4 5 6 34 35 36 46 54 56 63 64 65 66 
23
1 2 3 4 5 6 7 9 17 24 37 43 44 46 47 57 59 65 72 74 76 79 91 
22
1 2 4 5 6 7 8 18 25 41 42 51 52 54 56 57 62 71 72 81 82 87 
20
1 2 4 7 8 9 12 17 18 19 24 42 47 48 49 72 79 82 89 91 
27
0 1 2 3 4 6 7 9 14 25 27 31 32 39 42 46 47 49 51 56 57 60 73 79 91 92 97 
31
1 3 4 5 6 7 8 9 16 34 41 45 46 47 58 61 63 65 66 68 69 71 73 81 83 86 87 91 93 95 96 
29
0 1 2 3 4 5 6 7 8 9 14 19 21 24 29 30 44 47 49 57 65 73 74 79 82 94 96 97 99 
14
0 1 5 7 8 9 17 19 50 75 78 81 95 98 
20
0 1 4 6 7 8 17 46 47 48 50 61 74 75 76 78 80 84 87 88 
19
1 2 5 6 7 8 12 15 16 17 21 52 57 67 78 82 85 86 87 
15
1 2 7 8 9 17 21 27 28 72 79 87 91 97 98 
18
0 2 3 6 7 8 9 28 29 38 68 69 73 76 78 79 80 97 
27
0 1 2 3 4 5 6 7 8 9 16 17 18 19 24 26 35 40 50 53 54 55 61 73 75 76 83 
29
1 2 4 5 6 8 9 12 15 16 18 19 24 26 28 29 42 45 48 49 52 61 84 85 86 92 94 98 99 
20
2 3 5 6 7 8 28 38 53 57 58 62 63 65 66 67 68 76 78 86 
18
0 1 5 7 8 15 17 50 55 57 58 70 71 75 77 78 85 87 
14
1 3 4 5 9 14 31 35 39 45 49 53 91 95 
30
0 1 2 3 4 5 7 8 9 12 20 22 23 25 27 31 32 35 42 43 47 48 49 54 70 78 80 84 85 92 
32
1 3 4 5 6 7 8 9 14 17 21 25 34 41 43 45 46 49 56 61 62 67 68 69 73 75 78 79 81 83 86 95 
16
0 4 5 6 7 8 9 46 48 49 56 64 70 86 96 97 
1
1
15
0 1 3 4 5 7 8 15 35 37 45 47 50 78 87 
17
0 1 2 6 7 9 16 26 60 61 62 67 69 71 72 91 92 
14
2 3 4 8 9 29 39 42 43 49 82 89 94 98 
33
0 1 2 3 4 5 6 7 8 9 14 16 23 24 29 34 39 47 49 54 56 58 59 60 71 73 78 84 86 89 92 95 99 
20
1 2 4 5 8 9 14 19 21 24 25 29 42 54 59 81 84 85 89 98 
32
0 1 2 4 5 6 7 8 9 14 15 16 18 25 27 46 47 48 59 67 71 74 76 77 78 80 89 92 94 96 97 98 
24
2 3 5 6 7 9 23 32 35 37 39 52 56 57 59 65 67 69 72 75 76 79 93 95 
32
0 1 2 3 4 5 6 8 9 10 19 21 23 25 26 28 32 33 36 38 41 46 51 53 56 63 81 83 86 91 93 94 
18
0 1 3 7 8 9 17 30 31 38 39 70 71 78 79 83 91 98 
21
0 2 3 4 6 7 8 20 23 24 28 34 36 42 67 70 73 76 78 84 86 
22
0 3 5 6 7 8 9 35 57 58 68 69 76 78 83 85 86 87 89 90 93 98 
28
1 2 4 5 6 7 8 9 14 16 18 25 47 48 49 54 57 62 67 68 79 89 91 94 95 97 98 99 
22
0 2 3 5 7 8 9 25 28 29 35 39 52 57 59 75 78 85 89 90 93 95 
28
0 1 2 3 4 5 6 7 8 9 18 23 32 37 46 58 60 69 70 73 80 81 83 85 89 93 94 95 
15
1 2 6 7 9 12 16 19 29 69 72 76 79 91 97 
32
0 1 2 3 4 5 6 7 8 9 12 19 21 24 26 29 32 35 37 40 59 62 63 72 73 78 84 85 89 93 97 99 
19
0 1 2 4 5 6 8 18 20 21 24 26 42 68 80 81 84 85 86 
1
1
24
0 1 2 4 5 8 9 15 25 30 31 38 40 41 43 49 50 51 52 53 58 59 85 94 
1
1
22
0 2 4 5 6 7 9 20 24 26 27 29 39 45 50 54 57 59 65 75 92 93 
27
0 1 3 4 5 6 7 8 9 10 14 30 46 47 59 60 61 64 70 74 80 81 84 85 90 91 94 
25
1 2 4 5 6 7 9 11 12 14 15 16 17 19 21 24 25 27 41 51 61 65 71 91 94 
13
1 2 4 7 11 12 14 21 41 42 47 71 72 
5
0 2 7 20 72 
22
0 2 3 5 6 8 9 23 30 32 36 38 39 50 52 56 58 59 60 68 85 93 
24
0 1 2 4 5 6 7 8 9 10 24 25 28 40 42 50 52 60 62 70 72 80 82 92 
23
1 2 3 4 5 6 7 9 19 21 25 27 36 41 42 45 54 67 79 92 93 95 97 
11
2 3 5 8 22 23 25 28 52 82 85 
13
0 2 5 7 9 25 27 29 50 52 72 90 92 
28
0 1 2 3 4 5 6 8 9 16 26 30 35 37 38 39 42 43 61 62 63 64 71 72 74 83 84 93 
26
1 2 3 5 6 7 8 9 13 15 16 17 25 26 27 31 52 58 69 73 75 83 85 86 93 96 
31
0 1 2 3 4 5 6 7 8 9 16 20 23 24 27 29 32 48 50 60 61 63 64 76 80 81 83 84 87 89 92 
26
0 1 2 3 4 5 6 7 8 9 10 20 34 41 42 43 45 47 48 49 54 60 74 83 85 94 
26
1 2 3 5 6 7 9 12 13 18 19 25 36 37 52 53 58 59 62 63 69 72 73 79 82 91 
31
0 2 3 4 5 6 7 8 9 14 17 18 20 24 25 36 46 56 62 63 64 65 67 68 69 79 86 91 93 98 99 
29
0 1 2 3 4 5 6 7 8 9 19 29 39 40 46 59 60 61 62 65 79 84 90 91 93 95 96 97 98 
32
0 1 2 3 4 5 6 7 8 9 10 14 15 19 24 29 34 35 39 41 42 43 47 56 60 64 65 70 80 84 89 98 
34
0 1 2 3 4 5 6 8 9 19 25 36 40 41 43 48 50 51 52 53 58 60 61 62 63 64 68 86 90 91 92 93 94 98 
27
0 1 2 3 4 5 6 7 9 15 20 21 23 26 27 32 34 35 42 45 59 62 64 72 92 94 95 
18
0 2 3 4 5 7 8 20 27 30 34 37 42 52 70 74 75 80 
22
0 1 2 3 4 5 6 8 14 24 34 40 41 42 43 45 46 48 54 64 74 84 
14
0 1 3 4 6 8 13 31 34 36 38 43 63 83 
32
0 1 2 3 4 5 6 7 9 10 14 15 17 19 20 24 29 30 31 34 39 42 43 46 50 54 60 61 64 70 74 91 
19
0 1 3 4 5 6 7 9 10 30 34 39 46 50 54 60 64 70 74 
10
4 6 7 9 46 47 64 69 74 94 
24
1 2 3 4 5 6 7 9 19 29 39 49 51 52 57 69 79 91 92 93 94 95 96 97 
13
1 4 6 7 9 19 49 67 79 91 94 96 97 
13
0 1 4 5 7 8 9 10 40 50 70 89 90 
29
0 1 2 3 4 5 6 7 8 9 15 16 26 35 45 46 50 51 52 54 58 59 65 67 73 85 87 95 97 
20
1 3 4 6 7 8 9 16 36 46 61 63 67 68 69 76 84 86 94 96 
29
0 1 2 3 4 5 6 7 8 9 17 21 27 36 37 38 46 47 57 58 63 70 72 74 75 79 83 97 98 
24
0 1 2 3 4 5 6 7 8 10 20 31 32 34 35 36 37 38 43 50 63 72 78 83 
26
0 1 2 3 4 5 6 7 8 9 14 23 32 35 36 37 38 39 41 42 52 59 63 73 80 93 
33
0 1 2 3 4 5 7 9 10 11 12 13 15 16 19 27 31 34 38 41 51 60 61 64 70 71 72 74 75 82 85 91 94 
35
0 1 2 3 4 5 6 7 8 9 10 14 17 18 20 24 25 28 29 56 67 70 71 74 77 78 79 80 82 83 86 87 88 89 97 
29
0 1 2 3 4 5 6 7 8 9 10 12 23 30 31 32 34 36 37 38 39 43 54 56 57 63 73 83 93 
26
0 1 3 4 5 6 7 8 9 15 18 34 40 41 46 47 53 59 65 68 74 75 84 85 94 98 
33
0 1 2 3 4 5 6 7 8 9 16 17 18 26 27 28 36 38 40 47 48 57 58 60 67 68 79 81 82 84 85 90 98 
27
1 2 3 4 5 6 7 8 9 12 21 23 25 29 32 38 46 48 52 58 68 72 78 84 87 92 96 
29
0 2 3 4 5 7 8 9 10 15 25 35 40 45 49 50 51 53 54 55 57 58 70 73 75 79 84 85 95 
6
3 6 9 63 69 96 
7
3 7 9 39 73 79 97 
19
0 1 5 6 7 8 9 18 57 67 71 75 76 79 80 81 86 89 98 
1
1
31
0 1 2 3 4 5 6 7 8 9 18 28 36 40 41 42 43 47 49 60 62 63 67 69 74 80 81 82 83 87 89 
20
0 1 2 3 5 6 7 8 9 10 20 26 30 63 70 75 76 80 90 96 
13
0 2 6 8 9 20 26 69 89 90 92 96 98 
1
1
28
1 2 3 4 5 7 8 9 13 28 31 32 34 37 48 59 79 80 81 82 84 85 90 91 92 94 95 97 
26
1 2 3 4 5 6 7 9 15 17 21 26 31 34 36 49 51 54 56 62 71 74 76 91 94 96 
31
1 2 3 4 5 6 7 8 9 14 17 18 19 24 27 28 29 34 38 42 54 57 58 59 64 67 68 69 76 85 93 
25
0 1 2 3 4 5 6 7 8 9 18 28 38 48 58 68 78 80 81 82 83 84 86 87 89 
25
0 1 2 3 4 5 6 7 8 9 18 27 31 32 36 46 54 63 72 75 76 79 82 86 98 
27
0 2 3 4 5 6 7 8 9 20 28 34 44 45 46 47 49 52 62 63 64 76 82 84 86 93 94 
27
0 1 2 4 5 6 7 9 19 24 26 40 41 42 45 50 51 52 60 61 62 65 70 75 90 91 92 
29
0 1 2 3 5 6 7 8 9 12 13 15 18 20 21 26 39 52 58 62 65 68 72 73 75 78 87 92 93 
35
0 1 2 3 4 5 6 7 8 9 18 30 38 40 58 60 61 65 67 70 71 72 75 78 81 82 83 85 87 88 89 90 95 97 98 
29
0 1 2 3 5 6 7 8 9 13 15 16 23 25 26 31 39 52 58 67 73 75 76 80 83 85 90 93 96 
24
0 1 2 3 4 6 7 9 13 14 17 21 23 24 26 27 32 42 60 79 91 93 94 97 
19
1 2 3 4 6 8 23 26 28 32 43 46 48 68 81 83 84 86 88 
34
0 1 2 3 4 5 6 7 8 9 14 28 38 40 41 42 43 45 47 48 49 54 60 63 67 69 74 80 81 82 86 87 89 94 
24
0 2 3 4 5 6 7 8 9 23 30 32 34 35 36 38 39 43 53 57 63 73 83 93 
26
0 1 2 3 4 5 6 7 8 9 15 24 36 40 49 58 63 64 72 81 83 84 87 91 93 94 
20
0 1 2 3 5 6 8 18 26 38 50 51 60 61 63 80 81 82 83 85 
26
0 1 2 3 4 5 6 7 8 9 12 19 20 21 24 25 32 39 52 57 59 62 63 78 82 96 
29
0 1 2 3 4 5 6 7 8 9 11 14 15 17 18 23 26 32 39 40 56 57 58 61 71 73 78 80 91 
19
0 1 3 4 5 6 8 14 16 34 40 41 43 45 48 54 64 84 86 
23
0 2 3 4 5 6 8 9 10 21 23 24 26 29 38 45 59 62 84 86 89 91 96 
9
0 4 6 8 46 60 64 80 84 
24
1 2 3 4 5 6 8 9 14 16 19 21 23 25 28 32 41 48 52 61 70 83 93 95 
13
2 3 5 6 22 23 25 26 32 35 36 52 62 
6
3 5 7 35 53 75 
26
0 1 2 3 4 5 6 7 8 9 15 19 23 28 39 42 50 56 62 67 69 72 75 79 91 94 
34
1 2 3 4 5 6 7 8 9 14 29 36 40 41 42 43 45 47 56 60 61 62 63 65 67 68 74 83 90 91 92 93 95 97 
19
0 1 4 5 6 7 8 10 45 47 48 56 65 67 68 71 75 78 84 
18
0 1 2 5 8 9 10 15 19 20 25 29 52 58 80 85 89 91 
28
0 1 2 3 6 7 8 9 12 20 21 22 23 27 28 29 31 32 36 38 62 72 82 91 92 93 96 97 
36
0 1 2 3 4 5 6 7 8 9 19 23 25 26 30 38 40 41 45 48 56 60 63 64 65 66 67 70 71 73 76 78 86 90 95 98 
22
1 2 4 5 6 7 8 15 24 41 42 47 48 51 52 56 57 58 65 76 78 85 
21
1 2 3 6 7 8 9 12 16 23 31 32 36 67 71 72 78 89 92 96 98 
28
1 2 3 4 5 6 7 8 9 12 21 23 26 46 52 61 66 67 68 69 76 81 84 86 87 93 95 96 
24
1 2 3 4 5 6 7 9 10 16 26 36 46 56 61 62 63 64 65 67 69 70 76 96 
22
0 1 3 4 5 6 7 8 10 11 13 14 15 17 18 31 36 41 57 61 81 87 
27
0 2 3 4 5 6 7 9 20 25 26 27 30 35 37 38 40 45 47 59 63 72 85 90 95 96 97 
29
0 1 2 3 4 5 6 8 9 13 23 31 32 34 35 37 38 42 49 53 60 61 62 64 68 69 76 86 93 
25
1 2 3 4 5 7 8 9 12 13 14 15 18 19 23 26 27 28 29 31 41 61 71 81 91 
25
0 1 2 4 5 6 7 8 9 20 24 27 42 50 54 56 57 58 59 65 70 74 76 81 95 
29
0 1 2 3 4 6 7 8 9 10 17 18 19 20 28 29 30 38 39 40 48 60 68 69 70 84 86 92 93 
20
0 3 4 5 6 8 9 35 39 43 45 49 54 56 65 83 85 89 90 98 
28
0 1 2 3 4 5 6 7 8 9 16 23 27 36 46 56 60 61 62 63 64 65 67 68 69 76 86 96 
25
1 2 3 4 6 7 8 9 12 13 19 27 28 32 39 42 49 62 69 79 82 89 91 94 96 
24
0 1 2 3 4 5 6 7 8 9 15 24 32 36 42 43 49 56 60 68 71 81 86 97 
7
1 4 6 14 41 46 61 
34
0 1 2 3 4 5 6 7 8 9 16 27 39 40 46 49 53 54 56 59 69 79 80 83 84 86 87 90 91 92 93 94 98 99 
22
0 1 2 3 4 5 6 9 12 15 20 35 36 43 54 56 69 91 94 95 96 99 
27
0 1 2 4 5 6 7 8 9 16 26 41 48 50 52 54 57 58 59 60 61 64 67 69 75 85 95 
13
0 1 6 7 8 10 16 17 68 71 80 86 87 
1
1
1
1
1
1
17
0 1 2 4 5 7 8 10 28 48 50 72 74 81 82 84 87 
34
0 1 2 3 5 6 7 8 9 13 19 28 29 35 50 51 52 58 60 61 69 70 71 72 73 79 89 90 91 92 96 97 98 99 
19
1 2 3 4 5 9 15 19 21 24 29 31 34 35 39 45 49 52 93 
28
0 1 2 3 4 5 6 7 8 15 25 35 45 50 51 52 53 54 56 57 58 65 70 72 73 74 78 85 
33
1 2 3 4 5 6 7 8 9 16 21 23 24 27 28 29 32 36 42 53 57 58 63 64 65 68 69 74 76 81 83 91 96 
11
0 2 6 7 8 20 62 68 76 78 87 
28
1 2 4 5 6 7 8 9 12 15 19 21 22 23 24 25 26 28 42 45 52 62 65 72 75 82 85 97 
25
1 2 3 4 5 6 8 15 21 24 31 34 46 51 52 53 54 58 61 62 63 64 68 81 84 
27
0 1 2 3 5 6 7 8 9 16 17 20 25 28 29 32 36 52 57 62 67 71 73 82 87 92 97 
7
2 8 9 28 82 89 92 
32
0 2 3 4 5 6 7 8 9 13 14 15 17 23 24 25 27 31 36 49 59 62 65 70 78 82 84 87 92 93 95 97 
29
0 1 2 3 4 5 6 7 8 9 23 26 30 34 37 38 39 43 46 52 53 56 61 65 73 76 82 83 93 
20
3 4 6 7 8 9 34 43 46 48 49 67 73 76 78 79 83 86 93 96 
29
0 1 2 3 4 5 6 7 9 19 24 36 49 50 53 56 57 60 65 66 67 79 90 91 92 93 94 96 97 
7
3 7 8 38 73 83 87 
30
1 2 3 4 5 6 7 8 9 12 16 21 25 27 39 44 47 48 54 61 65 71 73 74 75 81 84 87 94 97 
31
0 1 3 4 5 6 7 8 9 15 18 31 36 37 38 40 56 59 61 63 64 69 71 73 74 79 83 84 86 87 93 
25
0 1 3 4 5 7 8 9 14 18 19 34 39 41 47 54 58 59 74 79 84 89 90 93 95 
12
0 1 4 6 7 17 41 46 60 71 74 76 
20
0 2 3 4 5 6 7 9 26 36 46 53 60 62 63 64 67 69 76 96 
25
1 2 3 4 5 6 7 13 14 23 24 35 47 51 52 53 54 56 63 64 71 72 73 74 76 
34
2 3 4 5 6 7 8 9 27 32 34 35 36 38 42 43 44 46 48 54 62 63 64 65 66 68 72 73 74 89 93 94 95 96 
31
0 1 3 4 5 6 7 8 9 19 39 40 43 45 47 54 58 60 65 69 73 80 83 85 90 91 93 95 96 97 99 
22
0 1 4 5 6 8 15 18 45 48 58 60 61 64 65 68 80 81 84 85 86 88 
29
0 1 2 3 4 5 6 7 9 15 17 25 26 27 35 36 37 41 42 43 45 46 47 54 60 79 92 93 97 
18
0 2 3 5 6 8 20 25 26 28 30 35 36 38 56 58 62 83 
10
3 6 7 9 36 37 39 63 76 93 
10
0 4 6 7 8 46 60 64 67 76 
24
1 3 4 5 6 7 9 13 16 39 43 51 53 54 56 57 65 73 76 91 93 94 96 97 
34
0 1 2 3 4 5 6 7 8 9 16 18 23 24 26 28 30 32 41 53 54 56 58 63 68 73 78 85 87 89 93 94 96 98 
38
0 1 2 3 5 6 7 8 9 10 11 12 15 17 19 20 21 25 26 30 31 37 51 56 57 68 71 73 80 81 85 86 87 90 91 95 96 97 
34
0 1 2 3 4 5 6 7 8 9 10 13 20 23 25 27 28 31 40 45 47 48 49 54 60 67 68 72 74 83 85 87 89 96 
32
2 3 4 5 6 7 8 9 25 28 39 43 45 46 47 48 53 56 57 58 64 66 67 68 72 75 83 85 86 87 97 98 
20
1 2 4 5 7 9 15 19 21 25 27 29 41 45 47 49 54 75 79 92 
16
0 1 3 6 8 9 16 31 39 61 63 68 69 81 89 90 
31
0 1 2 3 5 6 7 8 9 19 29 30 31 32 36 37 38 51 57 58 60 61 68 79 85 90 91 92 96 97 98 
20
0 1 3 4 6 8 9 13 16 19 34 41 43 46 48 49 60 86 89 94 
14
3 4 6 8 36 43 46 48 63 64 66 68 83 86 
24
1 3 4 5 6 7 8 13 16 35 43 46 51 53 54 56 58 67 71 73 74 76 83 86 
28
0 2 3 4 5 7 8 9 20 23 28 30 38 40 43 50 53 58 70 73 78 82 84 87 89 90 93 98 
20
1 4 5 7 8 9 17 41 48 51 54 58 59 71 74 78 79 85 91 98 
30
0 2 3 5 6 7 8 9 25 27 28 36 37 39 53 57 65 67 68 70 72 77 78 79 83 85 87 93 95 97 
14
0 3 4 5 7 9 35 45 53 54 57 59 75 95 
17
0 5 6 7 8 9 50 65 68 69 75 78 79 86 87 95 98 
12
0 3 4 8 30 33 34 38 43 80 83 84 
1
1
1
1
1
1
5
0 1 4 10 41 
11
0 1 3 4 14 31 34 40 41 43 44 
23
0 1 2 4 5 6 7 9 10 12 15 17 21 24 29 49 51 54 59 61 69 71 96 
30
0 1 2 3 4 5 6 7 8 9 18 28 38 48 58 68 72 74 75 79 80 81 82 83 84 85 86 87 89 98 
24
0 1 2 3 4 5 6 8 9 19 28 31 32 34 35 40 53 81 82 84 85 91 95 96 
26
0 1 4 5 6 7 8 9 19 31 35 40 58 69 79 80 81 84 85 86 90 91 95 96 97 98 
33
0 1 2 4 5 6 7 8 9 15 16 18 21 25 28 41 45 47 48 51 61 62 64 68 69 70 72 74 79 87 91 95 98 
27
2 3 4 6 7 8 9 23 32 36 37 38 39 42 46 47 48 49 64 66 68 69 72 76 78 86 93 
12
0 3 5 7 9 30 37 53 73 75 79 93 
22
0 3 4 5 6 8 9 35 40 46 48 49 50 53 56 58 59 64 85 90 93 96 
21
0 3 4 6 7 8 9 36 40 43 48 49 60 63 68 69 73 78 79 87 94 
34
0 1 2 3 4 5 6 7 8 9 19 31 32 37 38 40 41 42 43 57 60 63 65 67 70 72 76 77 84 90 93 95 97 98 
36
0 1 2 3 4 5 6 7 8 9 17 20 23 24 25 29 37 42 58 62 70 71 73 74 75 80 81 83 84 85 86 89 90 93 94 96 
12
0 2 3 6 9 23 26 39 60 92 93 96 
26
0 2 3 4 6 7 8 9 12 23 26 29 31 32 34 40 47 48 62 64 72 74 82 84 92 94 
29
1 2 3 4 5 7 9 14 15 17 19 22 23 24 25 29 32 34 35 37 39 42 52 54 57 71 92 94 97 
19
1 2 3 4 6 9 14 19 24 29 31 34 39 42 46 61 64 69 93 
27
1 2 3 4 6 7 9 13 19 21 23 24 27 29 39 43 47 49 61 63 64 69 72 94 96 97 99 
23
2 3 4 5 6 7 9 23 24 26 27 29 36 46 47 54 56 57 59 62 75 96 97 
17
0 1 4 5 7 8 9 19 48 54 57 59 70 84 87 89 95 
24
2 3 4 5 6 7 8 23 24 25 28 36 43 45 48 52 63 65 68 73 74 75 78 87 
30
0 1 2 4 5 6 8 9 10 11 12 14 16 26 29 46 49 51 52 56 58 69 86 89 91 92 95 96 98 99 
37
0 1 2 3 4 5 6 7 8 9 14 15 17 18 19 20 35 37 38 41 52 54 58 59 62 64 65 67 68 69 72 74 78 79 83 86 96 
12
0 2 4 5 8 24 25 28 45 50 52 85 
33
1 3 4 5 6 7 9 14 15 16 19 34 35 36 37 49 54 57 59 64 67 69 73 74 75 76 79 91 94 95 96 97 99 
7
3 5 6 35 56 63 65 
11
1 4 5 8 14 41 45 48 51 58 84 
26
1 2 3 5 6 7 9 12 16 17 21 37 59 62 63 65 67 73 75 76 79 92 93 95 96 97 
22
0 1 2 3 6 7 9 16 19 29 36 39 60 61 63 66 67 69 72 76 79 96 
21
0 1 3 4 6 7 8 14 16 17 30 34 36 37 43 61 78 80 84 86 87 
17
0 3 5 6 8 30 35 36 38 56 58 68 80 83 85 86 88 
36
0 1 2 3 4 5 6 7 8 9 17 19 20 21 25 26 27 30 31 36 37 48 51 54 57 63 70 71 72 75 77 80 90 91 95 97 
37
0 1 2 3 4 5 6 7 8 9 10 17 20 23 27 29 32 34 36 37 38 40 49 50 53 54 56 69 73 89 90 91 93 95 97 98 99 
11
1 3 7 9 13 17 31 39 73 93 97 
25
1 2 3 4 6 8 12 13 16 18 28 32 36 38 42 46 48 61 62 68 81 82 84 86 88 
36
0 1 2 3 4 5 7 8 9 10 13 14 18 19 29 31 35 47 50 52 53 54 58 59 70 73 74 78 79 84 89 90 91 93 94 98 
20
2 4 5 6 7 8 27 45 52 54 56 58 62 64 72 74 76 78 82 84 
27
0 1 2 3 4 6 7 8 13 16 18 26 28 38 42 43 48 68 72 78 80 81 83 84 86 87 88 
23
0 2 3 4 5 8 9 25 29 39 43 45 49 54 83 85 89 90 92 93 95 98 99 
26
2 3 5 6 8 9 26 28 29 33 35 36 39 52 53 55 56 58 59 63 65 68 83 93 95 98 
19
1 3 5 7 8 9 15 17 18 19 35 37 38 39 51 75 83 95 98 
19
3 6 7 8 9 36 37 38 39 67 68 73 76 77 78 79 87 97 98 
19
0 3 4 5 6 30 33 34 35 36 40 43 44 45 46 53 54 63 64 
25
2 3 5 6 7 8 25 26 27 28 35 53 55 56 57 63 65 67 68 72 76 77 78 85 87 
22
3 4 5 6 7 8 9 34 38 49 53 54 56 57 64 68 74 78 85 96 97 98 
21
0 1 2 4 7 9 10 11 12 14 17 19 20 21 27 29 40 41 49 71 91 
34
0 1 2 3 4 6 7 8 9 10 13 17 18 20 23 27 28 34 40 42 43 47 48 60 62 63 67 68 76 89 90 93 97 98 
28
0 1 2 4 5 6 7 8 9 10 12 17 18 27 40 50 60 62 70 72 77 78 79 87 90 92 97 98 
28
0 1 2 3 4 5 6 7 8 9 17 19 29 39 49 57 59 67 69 79 90 91 92 93 94 95 96 98 
35
0 1 2 3 4 5 6 7 8 9 12 16 18 19 21 25 27 31 38 41 43 47 48 50 61 62 63 65 67 68 69 71 84 97 98 
17
0 3 6 7 8 30 33 36 37 38 63 73 76 80 83 86 87 
13
0 3 4 6 9 30 34 36 43 69 90 94 96 
1
1
20
1 2 3 4 5 7 13 15 21 23 25 27 34 41 43 45 47 52 73 75 
34
0 1 2 3 4 6 8 9 13 14 18 19 21 23 24 28 29 38 40 41 48 49 61 63 68 69 81 82 83 84 86 88 89 94 
46
0 1 2 3 4 5 6 7 8 9 12 14 15 17 18 21 22 23 24 25 27 28 29 31 32 34 35 37 38 39 43 52 61 62 64 65 67 68 69 70 86 92 94 95 97 98 
33
0 1 2 4 5 7 8 9 14 18 24 40 41 42 45 48 59 70 71 72 75 78 80 81 82 85 87 88 90 91 92 95 98 
43
0 1 2 3 4 5 6 7 8 9 18 21 24 25 27 28 29 30 41 43 47 48 49 51 58 59 61 63 64 65 67 68 69 72 81 83 84 85 86 87 88 89 96 
63
0 1 2 3 4 5 6 7 8 9 12 15 16 18 19 20 21 22 24 25 26 27 28 29 30 31 32 35 36 37 38 39 40 41 42 45 46 47 48 49 50 51 52 55 56 57 58 59 65 72 75 76 78 79 80 81 82 85 86 87 88 89 93 
43
0 1 2 3 4 5 6 7 8 9 12 13 18 19 25 36 40 41 42 43 48 49 50 51 52 53 58 59 60 61 62 63 68 69 70 71 72 73 78 79 84 87 94 
16
1 2 3 5 6 15 16 21 23 36 51 52 53 61 62 63 
24
0 1 2 4 5 6 7 9 12 16 20 29 42 56 67 71 72 75 76 91 92 94 95 96 
20
0 3 6 7 8 9 30 67 70 73 76 77 78 79 83 86 87 93 96 97 
16
1 2 3 7 11 12 13 17 21 23 31 32 33 37 71 73 
47
1 2 3 4 5 6 8 9 12 13 14 15 16 18 19 23 24 25 26 28 29 32 34 36 38 39 42 52 54 56 58 59 69 82 83 85 86 88 89 91 92 93 94 95 96 98 99 
33
0 1 2 3 4 5 6 8 9 18 21 23 26 35 41 43 46 51 52 53 54 56 59 60 81 82 83 84 86 89 91 93 96 
16
0 1 2 3 5 8 13 18 23 28 35 51 52 53 58 80 
15
3 6 7 8 9 37 63 68 69 73 78 79 86 93 98 
14
0 1 3 6 7 9 17 19 37 39 67 69 70 90 
18
0 1 2 4 6 8 14 18 20 21 24 28 42 60 61 64 68 86 
14
1 4 7 8 18 41 48 71 74 78 81 84 87 88 
40
0 2 3 4 5 6 7 8 9 22 23 24 25 26 27 32 34 35 36 37 42 49 50 58 62 64 65 72 74 75 82 84 85 86 87 92 94 95 96 97 
35
0 1 2 3 4 5 8 9 11 12 14 15 18 19 21 31 32 34 35 38 39 41 42 43 44 45 48 49 51 52 54 58 59 81 90 
24
2 3 4 5 7 9 22 23 24 25 27 29 32 35 42 43 45 47 49 52 72 75 92 95 
15
3 4 5 6 7 34 43 45 47 53 57 63 65 67 76 
20
0 3 4 5 7 8 9 30 43 47 53 57 79 83 87 93 94 95 97 98 
24
1 2 4 5 6 7 11 12 14 15 16 17 21 26 41 46 51 52 54 56 57 61 71 76 
37
0 1 3 4 6 7 8 9 13 14 16 19 34 40 41 43 44 46 48 49 61 63 64 66 67 68 69 71 73 76 78 79 83 84 86 89 96 
31
0 1 2 3 5 7 8 9 12 13 15 17 18 19 20 35 38 58 72 75 78 81 82 83 85 87 88 89 92 95 98 
31
1 2 3 5 6 7 8 9 12 19 21 25 27 28 31 35 37 38 51 57 58 61 65 67 68 76 83 91 95 97 98 
13
0 1 4 7 8 10 14 18 47 70 74 78 81 
15
1 2 6 8 9 12 26 29 61 62 68 82 91 92 98 
27
0 1 3 5 6 7 8 9 13 16 37 51 53 56 58 59 60 65 71 73 76 78 79 83 86 93 96 
31
1 2 3 4 6 8 9 12 13 14 16 19 23 24 29 32 33 34 36 38 39 43 63 64 69 82 83 84 86 89 91 
28
2 3 4 5 6 9 23 25 26 29 32 33 35 36 39 43 45 46 49 53 56 59 64 92 93 95 96 99 
18
0 2 6 7 8 9 20 26 28 29 67 70 76 78 79 82 96 98 
14
2 7 8 9 22 27 28 29 72 78 79 82 92 98 
15
3 5 6 8 9 36 39 53 56 59 65 83 86 89 98 
13
0 4 5 8 9 40 48 49 50 58 59 84 95 
30
0 1 4 5 6 8 9 15 16 18 19 45 46 48 49 50 51 54 55 56 58 59 68 81 84 85 86 88 89 95 
12
0 1 3 6 7 16 17 31 36 37 63 70 
22
1 2 3 4 7 11 12 13 14 17 23 31 32 33 34 41 42 43 71 72 73 74 
25
2 3 4 5 7 8 9 24 28 32 34 37 38 39 43 52 54 57 58 59 74 78 85 94 98 
12
0 2 3 4 9 23 24 30 49 92 93 94 
20
2 4 5 6 7 9 24 42 46 47 49 52 56 57 59 62 69 72 79 95 
20
2 3 4 5 6 9 23 25 34 42 43 45 49 56 62 63 65 69 93 95 
21
0 2 3 4 5 6 9 29 30 42 43 46 52 53 56 60 92 93 94 95 96 
24
2 3 6 7 8 9 23 28 32 33 36 37 38 39 63 68 72 73 76 78 79 83 93 98 
25
1 2 4 6 7 8 9 17 21 28 41 48 61 62 64 68 69 71 72 74 78 79 86 91 98 
35
0 1 2 4 5 6 7 8 9 14 16 17 18 21 24 26 28 45 47 51 54 56 58 69 70 71 74 76 77 78 82 91 94 97 98 
20
1 2 4 5 6 7 14 21 27 41 42 45 47 51 57 61 62 65 67 76 
20
2 4 5 6 7 8 24 42 45 46 47 58 62 65 72 75 82 85 86 87 
46
0 1 2 3 4 5 6 7 8 9 12 19 21 23 25 26 27 28 29 31 36 37 39 41 45 46 47 48 49 51 56 59 62 70 81 86 87 89 91 93 94 95 96 97 98 99 
31
0 1 3 4 5 6 7 9 19 31 34 35 36 37 43 45 51 54 55 57 59 60 71 74 75 76 91 94 95 96 97 
15
2 3 6 7 8 23 32 36 38 62 68 72 76 78 87 
35
0 1 3 4 5 6 7 8 9 15 31 36 37 38 39 41 46 47 48 49 51 56 57 58 59 60 63 65 74 81 86 87 91 96 97 
20
0 1 4 5 6 8 9 14 15 16 18 19 48 49 58 59 68 69 81 90 
16
1 4 5 6 9 14 15 16 45 46 59 61 69 94 95 96 
19
1 2 5 6 7 17 21 27 51 52 56 57 61 67 71 72 75 76 77 
32
0 1 3 4 5 6 7 8 10 13 15 17 18 31 40 43 45 47 48 54 60 63 65 68 70 73 75 76 77 78 81 87 
18
0 3 5 7 8 9 30 35 37 38 53 79 85 87 90 95 97 98 
15
2 3 6 8 9 23 28 29 32 63 68 69 86 93 98 
19
1 3 4 7 9 17 31 37 41 43 47 49 71 73 74 77 79 91 97 
14
5 7 8 9 58 75 78 79 85 87 88 89 95 98 
35
0 1 2 4 5 6 7 9 10 11 15 16 21 40 41 42 45 46 54 60 61 62 65 66 67 69 70 71 72 75 76 90 91 95 96 
22
0 1 2 3 4 6 8 12 20 21 23 26 38 40 41 43 46 64 80 81 83 86 
33
0 1 2 4 5 6 7 8 18 21 25 28 41 45 48 56 58 61 62 64 65 67 68 71 75 78 80 81 82 84 85 87 88 
34
2 3 4 5 7 8 9 23 24 25 27 35 42 43 44 45 47 49 52 53 54 55 57 78 82 83 84 85 87 92 93 94 95 97 
29
0 2 3 4 5 6 7 9 23 25 27 34 40 42 43 45 46 47 54 63 65 67 79 90 92 93 95 96 97 
49
0 1 2 3 4 5 6 7 8 9 10 13 14 15 16 19 20 23 24 25 26 29 34 35 36 39 41 49 58 62 70 73 74 75 76 79 80 83 84 85 86 89 90 93 94 95 96 97 99 
12
0 1 5 9 10 11 15 19 51 90 91 95 
44
0 1 2 3 4 5 6 7 8 9 12 13 15 28 34 36 40 41 43 45 47 58 59 60 61 62 63 65 67 72 73 75 80 81 82 83 85 87 90 91 92 93 95 97 
26
0 1 4 5 6 7 8 14 15 16 17 18 41 44 45 46 47 48 50 64 65 67 74 84 85 87 
12
0 5 6 7 56 60 65 66 67 70 75 76 
36
1 2 3 5 6 7 8 12 13 17 27 31 32 33 35 37 38 52 53 57 61 62 63 65 67 68 71 72 73 75 76 77 78 82 83 87 
11
3 4 7 8 37 38 47 48 78 83 84 
31
0 1 3 4 5 6 8 9 13 15 16 18 19 31 35 43 45 48 49 53 54 55 56 58 59 60 81 93 95 96 98 
20
1 3 4 5 8 9 14 15 31 34 35 39 43 58 81 84 85 89 94 95 
25
1 2 4 5 6 8 9 15 19 25 29 41 42 45 46 49 54 65 69 81 82 85 86 89 98 
47
0 1 2 3 4 5 6 7 8 9 15 20 21 24 26 30 31 34 35 36 39 41 45 46 49 50 51 53 54 55 56 59 62 70 71 74 75 76 79 80 81 84 85 86 89 97 98 
47
0 1 2 3 4 5 6 7 8 9 10 12 14 15 17 18 19 21 25 27 29 31 32 34 35 37 38 39 41 45 47 49 53 61 62 64 65 67 68 69 76 81 85 87 89 91 96 
39
0 1 2 3 4 5 6 7 8 9 15 17 20 37 41 43 49 51 52 53 54 56 58 59 61 63 69 71 72 73 74 76 78 79 81 82 83 89 97 
15
1 3 5 6 7 16 31 37 51 53 57 61 63 67 75 
14
1 5 6 9 11 15 16 19 51 61 65 91 95 96 
15
0 2 3 4 6 26 32 36 42 46 60 62 63 64 66 
18
0 1 2 4 8 9 10 12 14 18 28 48 81 89 90 92 94 98 
18
0 2 4 6 7 9 29 40 42 46 47 62 67 74 90 92 96 97 
12
0 3 4 5 7 30 45 53 54 57 73 74 
33
1 2 3 4 5 6 7 8 15 17 18 25 27 28 35 37 41 42 43 45 47 48 54 56 61 62 63 65 67 68 74 76 86 
30
0 2 3 5 6 7 8 9 20 23 27 28 29 32 36 50 53 57 58 59 60 63 67 68 69 73 78 79 85 95 
15
1 2 4 5 7 14 15 17 24 25 27 45 51 52 75 
16
0 1 2 3 5 7 12 13 27 30 52 53 71 72 73 75 
34
0 2 3 4 5 6 7 8 9 23 25 26 27 28 29 34 43 45 46 47 48 49 54 63 65 69 73 75 79 83 85 89 90 92 
23
0 3 4 5 6 7 8 37 48 53 54 63 64 70 73 74 75 76 80 83 84 85 86 
43
0 1 2 3 4 5 6 7 8 9 10 12 13 14 15 16 18 27 32 34 36 38 41 54 56 58 61 69 70 72 73 74 75 76 78 81 90 92 93 94 95 96 98 
25
1 2 4 5 6 8 9 14 15 16 18 19 24 25 26 28 29 45 46 52 61 85 86 95 96 
42
0 1 2 3 4 5 6 7 8 9 13 21 23 24 25 26 27 30 31 33 34 35 37 49 58 62 71 73 74 75 76 81 83 85 86 87 91 93 94 95 96 97 
48
0 1 2 3 4 5 6 7 8 9 12 20 21 24 25 26 28 29 30 31 34 35 36 38 39 41 45 46 48 49 56 60 61 64 65 66 67 68 69 70 71 74 75 76 78 79 82 93 
12
0 5 6 7 9 56 57 59 67 69 70 95 
23
0 2 4 5 7 8 9 28 40 42 45 47 49 52 57 74 80 82 85 87 89 92 97 
32
0 1 2 3 4 5 6 7 9 27 28 29 31 34 37 38 39 47 54 57 59 61 64 67 68 69 70 72 75 76 87 93 
46
0 1 2 3 4 5 6 7 8 9 10 12 13 15 17 18 19 26 32 35 37 40 42 43 45 47 48 50 51 52 53 55 57 58 59 60 62 63 65 67 68 69 75 82 87 94 
19
2 3 5 7 8 9 27 37 52 53 57 58 75 79 87 92 93 97 98 
19
1 2 4 6 8 9 18 21 24 28 29 48 61 64 68 69 82 86 98 
25
1 2 3 4 5 7 8 15 17 25 27 31 32 35 37 38 41 42 45 47 48 53 74 85 87 
24
1 2 4 5 6 9 14 19 24 29 41 42 44 45 46 49 54 59 61 62 64 65 69 94 
16
0 1 3 4 6 7 14 34 41 43 46 47 61 63 67 70 
20
1 2 4 5 8 9 14 21 25 28 29 41 45 48 49 51 58 82 91 98 
23
0 1 3 5 6 8 9 16 30 31 35 38 39 51 59 60 61 65 68 69 81 89 93 
53
0 1 2 3 4 5 7 8 9 10 11 12 13 14 15 17 19 21 23 24 25 27 38 48 50 51 52 53 54 55 57 59 70 71 72 73 74 75 77 79 80 81 82 83 84 85 87 89 91 93 94 95 97 
36
1 2 3 4 5 7 8 9 14 21 22 25 27 28 29 31 32 35 38 39 41 42 45 48 49 52 58 59 71 72 75 78 79 83 92 93 
46
0 1 2 3 4 5 6 7 8 9 12 13 14 17 18 19 29 32 36 37 38 39 42 47 48 49 52 53 57 58 59 60 71 72 73 74 77 78 79 85 92 93 94 97 98 99 
30
2 3 5 6 7 8 9 26 32 37 39 52 53 57 59 62 63 67 69 72 73 75 79 82 83 87 89 95 97 98 
19
1 2 4 5 8 9 18 21 24 45 51 54 59 81 82 84 89 91 94 
16
0 3 4 5 7 9 34 37 40 54 57 79 93 94 95 97 
15
2 3 4 5 9 24 25 29 34 35 39 43 54 59 92 
23
0 3 4 5 6 8 9 36 38 40 43 45 46 48 56 58 69 84 90 93 95 96 98 
33
1 2 4 5 6 7 9 11 14 15 17 21 24 25 27 41 49 51 54 57 64 65 67 71 72 74 75 76 77 91 94 95 97 
24
2 3 4 6 7 9 24 26 29 34 36 39 42 46 47 63 64 66 69 74 76 79 94 96 
18
0 2 3 6 7 9 23 26 39 67 70 72 73 76 90 92 93 96 
43
0 1 2 3 4 5 6 7 8 9 13 28 31 32 34 35 37 39 46 59 61 62 64 65 67 69 71 72 74 75 79 81 84 85 87 89 90 91 92 94 95 97 99 
41
1 2 4 5 6 7 8 9 12 14 16 17 18 21 47 52 54 56 57 58 62 64 65 66 67 68 72 74 76 77 78 79 82 84 86 87 92 94 96 97 98 
34
0 1 2 4 5 6 7 8 9 10 14 16 17 19 20 24 26 27 29 45 50 54 56 57 59 61 68 71 80 84 86 87 89 92 
12
0 3 5 6 9 35 36 39 50 63 95 96 
37
1 2 3 4 5 7 8 9 13 17 18 19 21 23 27 28 29 34 35 41 43 47 48 49 51 53 57 58 59 71 73 74 77 78 79 82 97 
11
1 3 5 9 13 31 35 39 51 59 93 
15
1 3 6 7 8 16 17 31 36 37 68 73 81 86 87 
40
0 1 2 3 4 5 7 8 13 14 17 21 24 28 30 31 32 34 38 40 41 42 44 48 50 51 52 54 58 70 71 72 74 78 80 81 82 84 85 88 
33
0 1 2 3 4 5 7 8 9 12 14 17 19 28 31 32 34 37 39 43 51 52 54 57 59 70 75 81 82 84 87 89 93 
15
2 3 4 7 9 24 32 37 42 43 47 79 92 93 97 
43
2 3 4 5 6 7 8 9 24 25 26 28 34 35 36 38 47 49 52 53 54 55 56 58 65 72 73 74 75 76 78 82 83 84 85 86 87 88 92 93 94 96 98 
27
0 2 3 4 5 6 7 9 24 25 26 27 29 34 35 36 37 39 43 50 53 63 72 94 95 96 97 
42
0 1 3 4 5 6 7 8 9 13 15 16 18 31 35 38 39 41 43 45 46 48 49 50 54 61 65 68 69 71 73 75 76 78 79 81 83 85 86 88 89 97 
41
0 1 3 4 5 6 7 8 9 10 11 13 15 17 19 38 40 41 43 45 47 49 51 60 61 63 65 67 69 70 71 74 75 77 79 80 81 85 87 89 96 
20
1 2 4 5 7 9 12 15 17 19 21 42 45 47 49 52 59 72 79 94 
15
1 3 4 6 8 13 31 36 38 41 46 48 61 68 84 
1
1
23
0 1 4 6 7 8 9 17 18 40 41 46 47 48 67 68 74 89 90 91 96 97 98 
1
1
41
0 1 2 3 4 5 6 7 8 9 13 20 31 32 34 35 36 38 47 49 51 52 54 61 62 64 71 72 74 75 76 78 81 82 84 91 92 94 95 96 98 
12
0 1 2 6 7 12 16 27 60 71 72 76 
50
0 1 2 3 4 5 6 7 8 9 10 11 13 14 15 17 18 19 20 21 23 24 25 27 29 32 41 43 45 47 51 60 61 63 64 65 67 69 76 80 81 83 84 85 87 89 91 93 95 97 
14
1 2 3 7 17 21 27 31 32 37 71 72 73 77 
39
0 1 2 3 5 6 7 9 12 13 15 16 23 30 31 32 33 35 36 37 50 51 52 53 55 56 57 69 72 73 75 76 90 91 92 93 95 96 97 
32
0 1 2 3 4 5 6 9 14 15 16 19 24 25 26 29 31 32 34 35 36 43 45 50 51 52 54 55 56 59 65 90 
57
0 1 2 3 4 5 7 8 9 12 14 15 17 18 20 21 22 24 25 27 28 32 34 35 37 38 40 42 43 44 45 47 48 50 51 52 53 54 55 57 58 59 70 72 73 74 75 77 78 84 90 92 93 94 95 97 98 
12
0 1 3 5 6 13 30 36 53 61 63 65 
50
0 1 2 3 4 5 6 7 8 9 10 11 13 14 15 16 18 19 20 21 24 25 26 28 29 30 31 34 35 36 38 39 41 52 61 64 65 68 70 71 74 75 76 78 79 87 91 94 95 98 
14
1 5 6 7 15 17 57 61 65 67 71 75 76 77 
17
0 1 2 5 8 9 12 19 28 52 59 80 81 82 85 89 98 
43
1 2 3 5 6 7 8 9 12 13 15 16 17 18 22 23 25 26 27 28 29 32 35 36 37 52 53 55 56 57 58 61 75 82 85 86 87 92 93 95 96 97 98 
20
2 3 5 6 7 9 26 27 32 35 36 37 56 57 69 73 92 95 96 97 
12
0 4 5 6 8 40 54 56 58 65 84 86 
28
0 1 2 3 4 6 8 9 13 18 20 21 23 26 28 39 40 41 43 46 48 62 82 84 90 93 96 98 
33
0 1 2 3 4 5 7 8 9 12 13 14 17 18 19 23 27 28 29 30 47 48 49 52 53 54 57 58 59 71 75 85 91 
19
2 3 5 6 7 8 25 32 35 36 38 53 57 65 72 75 76 78 85 
52
1 2 3 4 5 6 7 8 9 17 21 23 24 25 26 28 29 31 34 36 38 39 41 43 44 45 46 47 48 49 51 54 56 58 59 64 71 73 74 75 76 78 79 89 91 92 93 94 95 96 98 99 
43
0 1 2 3 4 5 6 7 8 9 13 20 21 24 25 27 28 29 30 31 34 35 37 38 39 46 51 54 57 59 60 61 64 65 67 68 69 73 81 84 87 89 92 
15
2 4 5 8 9 25 29 42 45 49 54 82 85 89 98 
24
0 1 2 3 4 7 9 10 13 17 20 21 23 27 39 40 41 43 47 74 90 91 93 97 
17
0 1 2 4 6 7 10 14 20 24 27 46 60 61 64 67 72 
41
0 1 2 3 4 5 6 7 8 9 10 13 17 18 19 20 23 27 28 30 40 43 47 48 49 50 53 57 58 59 60 63 68 69 70 81 85 86 90 93 98 
11
0 1 3 9 19 30 31 37 70 90 91 
1
1
1
1
50
0 1 2 3 4 5 6 7 8 9 10 18 27 37 45 50 51 52 53 54 55 56 58 60 61 62 63 64 65 68 70 71 72 73 74 75 78 80 81 82 83 84 85 88 89 90 91 92 95 98 
40
0 1 3 4 5 6 7 8 9 10 14 19 30 34 38 39 46 50 51 54 58 59 60 61 64 68 69 70 71 74 78 79 80 81 83 84 85 88 89 97 
30
0 2 3 4 5 6 7 8 9 23 24 27 30 32 38 40 42 48 50 52 58 60 62 70 72 80 82 90 92 98 
22
0 1 2 5 6 7 9 17 29 59 60 65 70 71 72 75 76 90 91 92 95 96 
1
1
1
1
15
0 1 4 5 8 9 10 14 15 18 19 41 51 81 91 
35
0 1 2 3 4 5 6 7 8 9 10 21 24 25 26 27 28 29 31 34 35 36 38 39 42 53 62 70 81 84 85 86 87 89 92 
37
0 1 3 5 6 7 9 13 15 17 19 35 37 50 51 53 55 56 57 59 60 61 63 65 69 70 71 73 75 77 79 90 91 93 95 97 99 
33
0 1 2 3 4 5 6 7 8 9 15 27 29 35 40 41 42 43 46 47 48 49 50 51 53 56 57 58 59 65 74 85 94 
34
0 1 2 5 6 7 8 15 16 17 18 21 25 26 27 28 51 52 55 56 57 58 60 61 65 66 67 68 71 75 76 77 78 85 
32
1 2 3 4 5 6 7 8 9 12 16 18 21 24 27 31 37 41 47 51 57 61 64 67 73 75 79 81 84 87 91 97 
25
0 1 3 4 5 6 7 8 9 18 38 48 50 57 68 78 80 81 83 84 85 86 87 89 98 
27
0 1 2 3 4 7 8 9 10 19 21 23 32 34 37 38 41 43 53 71 73 81 83 85 91 93 95 
45
1 2 3 4 5 6 7 8 9 11 12 13 14 15 17 18 19 29 31 32 34 37 38 41 51 52 54 57 58 61 62 63 64 65 67 68 79 86 91 92 93 94 95 97 98 
12
1 2 6 8 9 12 18 21 26 29 62 92 
23
1 2 3 5 7 8 9 12 13 15 19 21 37 58 72 73 75 79 82 83 85 89 93 
37
0 1 2 3 4 5 6 7 8 9 13 17 21 22 23 24 26 31 32 34 36 38 42 54 69 71 72 74 76 78 86 90 91 92 94 95 96 
30
0 2 3 4 5 6 7 8 9 23 32 34 36 37 38 47 52 54 56 57 58 60 75 79 83 92 94 96 97 98 
23
0 1 2 3 4 6 7 8 14 24 34 40 41 42 43 48 70 71 72 73 76 78 87 
28
0 1 2 3 4 5 7 8 9 12 17 20 24 25 28 31 32 37 42 47 52 57 73 79 82 87 92 97 
24
0 1 2 3 5 8 9 10 12 21 23 25 29 30 32 50 52 70 72 80 82 90 92 97 
25
0 2 3 5 6 7 8 9 26 30 35 37 39 52 53 62 63 68 72 73 78 83 92 93 98 
22
0 2 5 6 7 8 9 26 52 57 58 62 65 67 68 79 80 86 92 95 97 98 
32
0 1 2 3 4 5 6 7 8 9 10 12 24 27 30 32 40 42 45 50 52 60 62 65 70 72 80 82 85 90 92 95 
20
0 1 2 4 5 6 8 9 12 20 24 25 26 28 29 42 52 62 82 92 
15
1 2 3 6 8 12 13 16 28 31 62 63 82 83 86 
31
1 2 3 4 5 6 7 8 12 16 17 21 28 30 32 36 37 42 46 47 50 52 56 57 63 65 74 80 82 86 87 
49
1 2 3 4 5 7 8 9 12 15 18 19 28 31 32 35 37 38 39 41 42 45 47 48 49 51 52 53 54 55 57 58 59 72 75 78 79 81 82 85 87 88 89 91 92 95 97 98 99 
29
0 1 2 3 4 5 6 7 8 9 13 23 30 32 34 35 36 37 38 39 41 43 51 53 63 73 81 83 93 
27
0 1 2 3 4 5 6 7 8 13 15 16 23 25 26 31 37 38 43 52 60 73 75 76 83 85 86 
27
1 3 4 5 6 8 9 31 33 34 35 36 38 39 43 51 53 54 56 63 81 83 84 86 93 94 96 
23
1 2 3 4 5 6 8 13 14 16 18 23 24 26 28 35 46 53 54 56 58 61 82 
12
0 3 5 6 9 35 53 56 59 60 93 96 
31
0 1 3 4 5 6 8 9 13 14 15 16 34 35 36 40 41 43 44 45 46 54 68 69 83 84 86 93 94 95 96 
48
0 1 2 3 4 5 7 8 9 10 11 12 13 14 17 18 21 24 27 28 31 34 37 38 40 41 42 43 44 47 48 50 51 52 53 54 57 58 74 79 85 90 91 92 93 94 97 98 
25
1 2 3 4 5 6 7 8 9 12 28 38 48 58 68 78 81 82 83 84 85 86 87 89 98 
20
0 2 3 4 6 7 8 9 27 38 48 68 70 82 83 84 86 87 89 90 
11
3 4 8 9 34 39 43 48 83 93 98 
27
0 1 2 3 4 5 6 8 9 13 21 24 26 31 34 36 40 48 49 51 62 81 84 86 91 94 96 
31
0 1 2 3 4 6 7 8 9 10 13 14 19 20 23 24 29 36 42 60 63 64 68 69 70 73 74 78 79 84 91 
35
0 1 2 3 4 5 6 7 8 9 14 15 17 18 19 24 25 27 28 34 35 37 38 39 40 42 56 64 65 67 68 71 83 97 98 
36
0 2 3 4 5 6 7 8 9 23 24 26 28 34 40 42 43 44 45 46 47 48 49 53 54 56 58 64 73 74 76 84 93 94 96 98 
25
2 3 4 5 6 8 9 26 32 34 35 38 39 42 48 52 58 62 64 65 68 69 83 92 98 
32
1 2 4 5 7 9 11 12 14 15 17 19 21 22 24 25 29 41 42 45 49 51 71 72 74 75 79 91 92 94 95 99 
26
0 1 2 3 4 5 7 9 13 17 19 23 27 29 31 32 33 37 39 47 53 57 59 73 90 95 
30
1 2 3 4 5 6 7 8 9 12 14 18 19 27 32 34 38 39 43 59 62 64 68 69 72 74 78 79 86 91 
39
0 1 2 3 4 5 6 7 8 9 10 12 13 14 16 17 29 34 40 42 43 45 46 47 50 52 53 54 56 57 61 71 90 92 93 94 96 97 98 
18
0 1 4 5 6 7 16 40 41 44 45 46 47 54 56 64 74 76 
20
0 2 4 5 6 7 9 24 40 45 46 47 49 54 62 64 72 74 92 94 
15
0 3 4 5 6 7 37 47 57 67 70 73 74 75 76 
37
0 1 2 3 4 5 6 7 8 9 12 14 15 16 17 19 20 32 34 35 36 37 39 48 53 62 64 65 67 71 82 84 85 86 87 89 91 
26
0 1 2 3 4 5 7 8 9 15 25 29 35 39 45 49 50 51 52 53 54 57 58 75 85 95 
18
0 1 2 4 5 8 18 20 21 24 25 42 51 54 80 81 84 85 
25
0 1 2 3 4 5 6 13 20 30 31 32 33 34 35 36 41 42 43 51 52 53 61 62 63 
34
0 1 2 3 4 5 6 7 8 9 18 24 25 30 31 32 34 35 36 37 39 43 53 63 73 80 81 82 84 85 86 87 89 93 
19
1 3 5 6 7 8 15 16 31 35 36 53 58 67 71 75 76 85 86 
28
1 3 4 5 6 8 9 13 21 25 29 31 32 35 39 41 45 49 56 58 61 62 65 69 81 85 89 94 
12
4 5 6 7 25 42 45 54 56 57 65 75 
37
0 1 2 3 4 5 6 7 8 9 15 23 30 31 32 34 35 36 48 57 69 70 71 72 74 75 76 80 82 84 85 86 90 92 94 95 96 
14
0 1 2 3 5 7 12 17 20 32 37 52 57 70 
19
2 4 5 8 9 25 42 45 48 52 54 55 58 59 82 85 92 95 98 
11
0 2 5 6 9 25 26 29 52 60 96 
11
0 3 6 7 8 36 37 60 70 86 87 
33
0 1 2 3 4 5 6 7 8 9 19 29 34 41 42 43 45 46 47 48 52 53 56 60 70 84 91 92 93 95 96 97 98 
21
0 1 2 3 4 6 7 8 16 23 26 36 46 60 61 62 64 67 68 76 86 
39
0 1 2 3 4 6 7 8 9 10 16 18 19 20 26 28 29 30 36 38 39 40 46 48 58 61 63 67 70 76 78 79 80 82 84 86 88 89 98 
40
0 1 2 3 4 5 6 7 8 9 18 20 21 24 27 29 30 31 32 34 36 37 39 48 50 51 54 56 57 59 63 75 80 81 82 84 86 87 89 93 
15
1 2 3 6 7 13 21 26 27 31 32 36 37 63 73 
37
0 1 2 3 4 5 6 7 8 9 10 12 15 16 17 18 19 23 30 32 35 36 37 38 39 40 42 45 46 47 48 49 53 63 71 83 94 
24
0 1 2 4 5 6 7 8 9 15 25 45 50 51 52 54 56 57 58 59 65 75 85 95 
29
0 1 2 3 4 5 6 7 8 9 10 12 16 25 35 45 50 51 52 53 54 56 57 58 59 65 75 85 95 
35
0 1 2 3 4 5 6 7 8 9 14 15 16 27 39 47 57 67 70 71 72 73 74 75 76 78 87 90 91 92 93 94 95 96 98 
27
0 3 4 5 6 7 8 9 34 40 43 45 46 47 58 68 79 80 83 85 86 87 90 93 95 96 97 
29
0 1 2 4 5 6 7 8 9 19 20 21 24 25 26 27 28 49 52 69 79 89 90 91 94 95 96 97 98 
12
0 1 3 5 7 17 37 51 53 57 70 75 
35
0 1 2 3 4 5 6 7 8 9 15 16 17 25 26 27 35 37 45 47 51 52 53 59 65 67 70 74 78 85 86 87 95 96 97 
37
0 1 2 3 4 5 6 7 8 9 18 20 21 24 25 26 27 29 30 31 34 35 36 37 39 45 46 53 63 72 80 81 85 86 87 89 93 
11
1 2 7 8 18 27 28 72 77 78 87 
15
0 2 4 6 7 9 24 40 42 46 47 49 60 74 94 
48
0 1 2 3 4 5 6 7 8 9 10 14 17 24 30 31 32 34 37 39 40 41 42 43 44 47 48 49 50 51 52 54 57 59 60 61 62 64 67 69 76 80 81 82 84 87 89 94 
30
0 1 2 3 4 5 6 7 8 9 19 25 35 40 51 52 53 54 57 58 68 79 89 91 92 93 94 96 97 98 
29
0 1 2 3 4 6 7 8 9 14 20 31 32 36 37 38 39 41 42 46 48 49 63 72 76 78 79 84 94 
32
0 1 2 5 6 7 8 9 12 17 18 27 57 61 62 65 67 68 70 71 72 75 76 77 78 79 87 91 92 95 97 98 
18
0 3 4 7 8 9 30 34 37 38 49 79 89 90 93 94 97 98 
28
0 1 2 3 4 6 7 8 9 13 18 23 26 28 32 34 39 43 46 48 73 78 80 81 87 93 96 98 
35
1 2 3 4 5 6 7 8 9 14 15 18 24 25 28 34 35 37 38 43 46 49 52 64 65 67 68 74 75 78 81 94 95 97 98 
29
0 2 3 4 5 6 7 8 9 20 24 25 26 27 28 29 30 34 35 36 37 38 39 43 52 62 72 83 93 
24
0 2 3 4 5 6 7 8 26 27 28 36 38 46 48 56 57 58 64 65 76 80 82 83 
30
0 3 4 5 6 7 8 9 34 35 37 38 39 44 45 46 47 48 49 54 57 59 64 65 67 68 69 70 83 94 
50
0 1 2 3 4 5 6 7 8 9 10 12 13 14 16 18 19 21 37 40 41 42 43 44 45 46 48 49 50 52 53 54 56 58 62 63 64 69 70 72 73 74 76 78 79 82 83 84 89 94 
39
0 1 2 3 4 5 7 8 9 10 15 17 18 19 20 25 27 28 29 30 35 37 38 40 45 47 48 49 50 52 55 57 58 59 71 83 84 97 98 
20
0 2 3 4 5 6 8 9 28 38 48 58 68 80 83 84 85 86 89 98 
23
0 1 2 5 7 8 9 10 12 18 19 21 27 50 52 58 59 70 72 78 79 85 95 
15
5 6 7 8 9 56 65 67 68 69 76 86 95 97 98 
24
0 1 2 3 4 6 7 8 10 21 24 26 28 31 34 36 38 43 62 71 74 76 78 87 
47
0 1 2 3 4 5 6 7 8 9 13 15 16 18 23 25 26 28 31 32 33 34 35 36 38 39 43 45 46 48 53 60 71 72 73 74 75 76 78 87 91 92 93 94 95 96 98 
33
0 1 2 3 4 5 7 8 9 10 12 13 15 18 29 31 40 42 43 45 48 54 70 72 73 75 78 87 90 92 93 95 98 
32
0 1 2 3 6 7 8 9 12 21 23 26 28 29 39 61 63 68 69 71 73 76 78 79 87 90 91 93 96 97 98 99 
21
0 1 2 5 6 7 8 10 25 36 51 52 56 58 65 71 72 73 76 78 87 
13
3 5 6 8 9 39 53 69 89 93 95 96 98 
19
0 1 5 6 7 9 10 50 51 57 59 60 61 67 69 70 71 79 90 
33
0 1 2 3 4 5 6 8 9 10 11 12 14 16 18 19 21 31 32 36 38 39 42 46 48 51 52 56 58 59 65 83 91 
6
1 2 9 12 19 91 
24
0 1 2 3 4 7 8 9 18 19 23 28 29 39 43 48 49 78 79 87 90 91 92 94 
37
0 1 2 3 4 5 6 7 8 9 10 18 19 24 30 32 35 36 38 39 40 41 42 45 46 48 49 53 63 70 72 75 76 78 79 83 93 
19
1 3 4 6 7 8 9 14 31 36 37 39 41 46 47 49 63 74 93 
11
2 4 8 9 29 42 49 82 89 94 98 
31
0 1 2 3 4 5 7 8 9 10 12 17 19 20 27 30 32 37 39 40 47 49 50 57 59 73 74 80 87 89 95 
26
1 2 3 4 5 6 7 9 14 21 25 29 31 39 41 49 59 61 65 69 71 79 92 93 96 97 
36
0 1 2 3 4 5 6 7 8 9 14 21 29 31 35 38 39 41 45 49 56 61 65 68 69 71 75 78 79 81 85 89 90 92 93 97 
19
0 1 5 7 8 9 15 50 51 56 58 59 70 71 76 78 79 87 97 
26
0 3 4 6 7 8 9 30 39 43 46 47 49 63 67 69 74 83 86 87 89 93 96 97 98 99 
31
0 1 3 4 5 6 7 8 9 13 17 19 37 39 43 47 49 53 57 59 63 67 69 70 76 87 89 91 94 95 98 
16
2 4 5 7 8 9 29 48 58 78 82 84 85 87 89 98 
11
5 6 8 9 56 59 68 85 86 89 98 
25
0 1 3 4 5 6 10 12 13 14 15 20 24 34 40 43 44 45 46 54 60 62 63 64 65 
15
0 1 4 6 8 10 12 16 18 40 42 46 48 61 84 
36
0 1 2 3 5 6 7 8 9 18 20 21 23 25 27 30 31 35 37 59 60 61 63 65 67 76 80 81 83 85 87 90 91 93 95 97 
1
1
1
1
1
1
1
1
31
0 1 2 3 4 5 6 7 8 9 10 12 17 20 27 30 37 40 47 50 52 57 60 62 67 73 80 87 90 92 97 
1
1
1
1
1
1
23
0 1 2 3 5 7 9 10 13 20 23 31 32 35 50 53 70 73 80 83 90 93 98 
1
1
26
0 2 3 4 5 6 7 9 20 23 24 25 26 27 39 42 59 60 67 79 90 93 94 95 96 97 
38
0 1 2 3 4 5 6 7 8 9 10 14 21 26 28 31 36 38 41 42 46 48 51 52 56 58 63 65 71 72 76 78 87 89 91 92 96 98 
34
0 1 2 3 4 5 6 7 8 9 10 23 26 31 32 34 37 45 51 52 54 57 61 62 64 67 79 81 82 91 92 94 97 98 
33
0 1 2 3 4 5 6 7 8 12 20 21 23 26 34 40 41 43 45 46 50 51 56 68 70 71 73 76 80 81 83 85 86 
33
0 1 2 3 4 5 6 7 8 12 13 21 24 25 26 31 34 35 36 48 50 57 61 64 65 71 74 75 76 81 84 85 86 
33
0 1 2 3 4 5 6 7 8 9 13 23 30 31 32 34 35 37 38 39 46 53 60 61 64 65 67 68 69 73 83 92 98 
15
1 2 4 6 8 14 26 41 42 48 61 62 68 81 82 
27
0 1 3 4 5 6 7 10 11 13 14 16 17 35 40 41 43 47 50 51 53 57 60 61 63 67 71 
11
1 4 5 6 16 46 51 54 61 64 65 
31
0 1 2 3 4 5 6 7 8 9 10 14 15 16 18 19 21 27 31 41 51 53 57 61 67 72 81 83 87 91 97 
25
1 2 3 4 5 6 7 16 21 23 25 27 36 41 43 45 47 51 57 61 63 65 67 72 74 
28
0 1 2 3 4 5 6 7 8 9 16 26 36 46 56 60 62 63 64 65 67 68 69 76 81 86 91 96 
24
0 1 3 4 5 6 7 8 9 17 36 40 50 61 63 64 65 69 71 73 74 75 79 90 
17
1 2 5 6 7 8 18 26 51 56 57 65 78 81 82 86 87 
14
1 2 6 7 9 19 21 27 61 67 72 91 96 97 
22
0 1 2 3 6 7 8 9 19 23 27 28 39 60 79 89 91 92 93 96 97 98 
23
0 1 2 3 5 6 9 10 12 15 16 19 23 30 32 35 36 39 52 59 62 69 91 
27
1 2 4 5 6 7 8 9 14 24 41 42 45 46 47 48 59 61 65 79 84 91 92 95 96 97 98 
25
0 2 4 5 6 7 8 9 24 28 42 47 52 56 57 62 67 70 75 79 82 86 87 92 97 
21
1 2 4 7 8 9 14 24 32 38 41 42 43 48 49 71 72 78 79 84 97 
17
2 3 4 5 8 9 25 38 39 42 48 49 52 58 59 85 94 
30
0 1 2 3 4 5 6 7 9 13 26 34 40 42 43 45 49 57 60 62 63 65 69 70 71 72 73 75 79 97 
29
1 2 4 6 7 8 9 17 19 27 47 61 62 64 67 69 71 72 74 76 77 78 79 81 82 84 87 89 97 
36
0 1 2 3 4 5 6 7 8 9 15 29 35 45 50 51 52 53 54 56 57 58 69 70 71 73 78 89 90 91 92 93 94 96 97 98 
17
2 4 5 8 9 29 45 52 54 58 72 78 89 92 94 97 98 
16
0 2 3 5 7 8 23 27 28 30 51 53 57 58 75 82 
33
0 1 2 3 4 5 6 7 8 9 10 13 20 23 31 32 34 35 36 37 38 39 40 43 50 53 60 63 73 80 83 90 93 
28
1 2 3 5 7 8 9 13 14 15 17 18 19 23 24 25 27 28 29 31 43 45 47 49 51 72 82 91 
24
1 2 3 4 5 6 9 12 21 23 24 25 29 32 46 51 53 54 59 61 63 64 69 92 
22
1 2 3 4 6 7 8 13 21 23 32 34 36 37 38 41 43 61 63 71 73 83 
31
0 2 3 4 6 7 8 9 10 14 18 20 23 24 28 36 47 60 61 63 64 68 70 73 74 78 89 90 93 94 98 
19
1 2 3 4 6 9 13 23 36 39 43 61 62 63 64 91 92 93 94 
38
0 1 2 3 4 6 7 8 9 10 13 14 20 22 23 24 26 27 28 39 42 60 62 63 64 68 70 72 73 74 78 82 90 91 92 93 94 98 
14
1 2 4 6 9 14 19 21 24 26 29 42 62 92 
30
1 2 3 4 7 8 9 11 12 14 17 18 19 21 31 32 34 38 39 43 71 72 74 78 79 87 91 92 94 98 
25
1 2 3 4 6 7 8 12 14 27 31 32 34 36 38 43 62 64 71 72 74 76 78 82 84 
35
0 1 2 3 4 5 6 7 9 10 12 14 15 27 29 30 32 34 35 43 46 50 52 54 60 62 64 65 70 72 74 75 90 92 94 
33
0 1 2 3 4 5 6 7 8 9 13 14 18 23 24 31 32 39 40 45 46 47 53 54 58 63 64 73 74 83 84 93 94 
34
0 1 2 3 4 5 6 7 8 9 12 14 15 19 20 26 27 32 34 35 39 48 52 62 64 69 72 74 79 82 84 89 91 93 
20
0 1 2 4 5 6 7 8 14 24 40 42 45 46 47 48 54 64 74 84 
25
2 3 4 5 6 7 8 9 24 29 34 42 43 45 46 47 48 54 59 64 69 74 84 89 94 
25
0 2 4 6 7 8 9 20 24 26 29 49 62 70 74 80 84 86 87 89 90 94 96 98 99 
23
0 1 2 3 5 6 7 8 9 19 20 39 50 65 70 80 91 92 93 95 96 97 98 
39
0 1 2 3 4 5 6 7 8 9 10 12 15 16 18 19 23 30 32 35 36 38 39 40 42 45 46 48 49 51 67 70 72 75 76 78 79 84 94 
20
2 3 5 6 7 8 9 25 27 35 37 52 53 56 58 59 65 67 85 95 
36
0 1 2 3 4 5 6 7 8 9 12 15 17 28 30 32 34 35 36 37 43 53 69 78 80 82 84 85 86 87 90 92 94 95 96 97 
19
1 2 3 5 7 8 12 15 25 32 35 51 53 57 58 72 75 82 85 
31
1 2 3 4 5 6 7 8 9 15 19 25 29 30 35 39 45 49 54 56 57 65 69 75 79 85 89 91 92 93 98 
17
0 3 5 6 8 9 30 35 38 39 56 60 65 68 69 83 96 
26
1 2 3 4 5 6 7 8 9 15 25 29 35 45 51 52 53 54 56 57 58 65 75 79 85 95 
12
4 5 7 9 25 49 57 72 74 75 94 95 
41
1 2 3 4 5 6 8 9 15 21 23 25 26 29 39 41 43 46 47 49 51 53 55 56 58 59 65 73 76 81 83 85 86 89 91 92 93 94 95 96 99 
12
0 2 5 7 9 20 25 27 59 72 95 97 
40
0 1 2 3 4 5 6 7 8 9 14 15 16 19 25 26 29 34 35 36 39 45 46 52 53 55 56 59 60 61 67 68 74 75 76 79 85 86 89 95 
32
0 1 3 4 5 6 7 8 9 15 16 17 35 36 37 45 46 47 54 58 59 60 61 63 75 76 85 86 87 95 96 97 
37
0 1 3 4 6 7 8 9 11 13 14 16 17 19 34 38 41 43 44 46 47 49 60 71 73 74 76 81 83 84 86 87 89 91 93 94 96 
37
0 1 2 3 4 5 6 7 8 9 10 14 16 18 19 24 26 30 34 36 38 39 45 50 52 54 56 58 59 61 70 74 76 78 79 87 93 
26
2 3 4 6 7 8 9 23 26 27 28 34 43 45 46 47 48 53 57 64 79 82 93 96 97 98 
33
0 1 2 3 4 5 6 7 8 9 15 23 30 31 32 34 36 37 38 39 43 50 51 52 54 56 57 58 59 65 75 83 95 
29
0 1 2 4 5 6 7 8 9 14 25 40 41 42 46 47 48 50 51 52 56 57 58 59 65 75 85 92 96 
37
0 1 2 3 4 5 6 7 8 9 14 28 39 41 42 43 46 47 49 52 53 56 59 65 72 81 82 83 86 87 89 90 91 92 93 96 99 
15
1 2 4 6 9 12 16 19 21 42 46 49 62 69 94 
46
0 1 2 3 4 5 6 7 8 9 12 20 21 22 24 25 26 27 28 30 31 32 36 37 38 40 41 42 46 47 48 50 51 52 56 57 58 69 73 83 90 91 92 96 97 98 
25
0 2 3 4 5 6 7 8 20 26 27 28 30 35 36 38 40 45 46 47 48 50 60 70 80 
7
0 2 7 27 67 70 72 
29
0 1 2 3 4 5 6 7 8 9 16 17 27 37 47 56 57 67 70 71 72 73 74 75 78 79 87 96 97 
25
0 1 2 3 5 6 7 8 10 12 13 16 17 18 25 31 50 52 53 56 57 58 65 71 85 
25
1 2 3 4 5 6 7 16 17 21 23 24 26 27 36 37 46 47 51 53 54 56 57 65 72 
32
0 1 2 3 4 5 6 7 8 9 16 20 21 23 25 27 28 29 32 48 56 60 61 63 64 65 67 68 69 72 86 96 
39
0 1 2 3 4 5 6 7 8 9 10 17 18 20 21 27 28 30 37 38 40 47 48 50 51 57 58 60 61 67 68 72 73 84 85 86 90 97 98 
11
3 4 7 9 27 37 39 47 49 74 93 
31
0 1 2 3 5 6 7 8 9 13 16 17 23 26 27 30 31 38 39 53 56 57 63 67 72 75 83 87 93 96 97 
32
0 1 2 3 4 5 6 7 8 9 16 29 32 38 46 51 52 54 57 61 62 63 64 67 68 75 80 91 92 94 97 98 
18
2 4 5 6 7 8 25 27 45 47 48 52 54 65 67 68 76 85 
17
0 3 4 7 8 9 30 34 43 47 48 79 83 87 93 97 98 
34
0 1 2 3 4 5 6 7 8 13 14 16 17 18 23 24 27 28 32 48 53 54 57 58 63 64 68 75 80 81 83 84 87 88 
21
0 1 2 3 4 6 7 8 9 10 20 37 40 64 71 73 74 78 79 80 90 
32
0 1 3 4 5 6 7 8 9 10 13 14 15 16 17 18 30 35 37 38 49 59 69 71 81 90 93 94 95 96 97 98 
37
0 1 2 3 4 5 6 7 8 9 12 20 21 24 25 26 27 28 30 31 34 35 36 37 38 49 53 68 73 82 90 91 94 95 96 97 98 
36
2 3 4 6 7 8 9 16 18 26 31 32 36 37 38 41 42 46 47 48 62 66 67 68 69 78 82 83 84 86 87 88 92 96 97 98 
15
0 2 5 6 8 25 50 52 56 58 59 65 85 90 98 
40
0 1 2 3 5 6 7 8 9 13 15 18 19 21 23 25 26 27 28 29 35 51 52 53 55 56 57 58 59 63 65 68 69 73 75 78 79 85 90 95 
32
0 1 2 3 4 5 6 7 8 9 12 13 15 17 18 19 20 31 43 45 49 56 62 63 64 65 67 68 69 76 86 96 
34
0 1 2 3 4 5 6 7 8 9 19 25 35 49 50 51 52 53 54 56 58 69 71 73 76 89 90 91 92 93 94 96 97 98 
27
0 1 2 3 5 6 7 8 9 12 13 18 25 52 58 62 63 68 72 78 80 81 86 87 89 92 98 
35
0 1 2 3 4 6 7 8 9 19 20 21 24 26 27 28 30 31 34 36 37 38 40 41 47 48 63 73 89 90 91 94 96 97 98 
23
1 2 3 5 7 8 9 18 19 27 28 29 37 38 39 58 59 78 79 83 85 91 92 
32
0 1 2 4 5 6 7 8 9 18 21 25 26 27 29 41 45 46 47 49 54 60 71 75 76 79 81 85 86 87 89 92 
33
1 2 3 4 6 7 8 9 10 11 13 14 16 17 18 19 20 21 24 26 27 28 29 34 36 37 38 39 42 62 71 82 92 
21
0 2 5 6 7 8 9 20 27 28 29 58 59 60 65 67 68 69 72 86 92 
29
0 1 2 3 4 5 6 7 9 13 23 30 31 32 34 35 36 37 39 40 41 42 46 47 49 53 63 73 93 
26
0 2 3 4 5 6 7 8 9 24 25 29 34 39 40 64 65 69 79 84 89 92 93 96 97 98 
15
1 3 4 7 9 14 17 19 31 34 37 39 43 73 93 
14
1 4 7 8 9 17 19 41 47 49 78 87 89 94 
25
0 1 2 3 4 5 8 9 10 12 19 20 29 30 39 40 42 49 50 59 80 89 91 94 95 
31
0 1 2 3 4 5 6 7 8 9 13 23 30 31 32 34 35 36 37 38 39 43 53 63 73 83 90 91 94 96 97 
24
0 2 3 5 7 8 9 23 30 32 37 38 39 50 52 57 58 59 73 80 82 87 89 95 
7
4 5 9 49 54 59 95 
40
0 1 2 3 4 5 6 7 8 9 12 13 16 19 27 36 42 43 46 49 52 53 56 58 59 60 61 62 63 64 65 66 69 72 73 76 78 79 86 96 
16
1 3 5 6 8 9 16 36 59 61 63 65 68 69 86 96 
32
0 1 3 4 5 6 7 8 9 10 18 19 30 38 40 48 49 50 53 58 59 60 68 69 70 73 78 79 81 85 86 97 
14
2 3 7 8 9 23 28 29 32 73 78 79 83 97 
20
0 1 3 4 5 7 9 10 13 14 17 19 31 35 41 45 51 71 75 91 
36
0 1 2 3 4 5 6 7 8 9 10 14 18 19 26 36 46 57 60 61 62 63 64 65 68 69 70 71 72 73 74 75 78 79 86 96 
