0 1
0 1
0 1
3206 36
3698 38
4192 40
4770 40
6999 40
9237 40
10330 40
11091 40
13272 40
14648 40
15240 40
16038 40
17169 40
19233 40
19815 40
21533 40
22772 40
24111 40
25138 40
25756 40
26598 40
28378 40
29601 40
31850 40
33715 40
34049 40
34127 40

0 1
0 1
456544 70
1120188 100
1548084 100
1856940 100
1908337 100
2206305 100
2540361 100
2735807 100
3085403 100
3386501 100
3388164 100
3550560 100
3807584 100
4050933 100
4230309 100
4302468 100
4627323 100
5023329 100
5473459 100
5500332 100
5723908 100
6110749 100
6500851 100
6843632 100
7089495 100
7533905 100
7799007 100
7918301 100
8343483 100
8500619 100
8564927 100
8711397 100
9167529 100
9437646 100
9832049 100
10278544 100
10636398 100
10911808 100
11145120 100
11478816 100
11607160 100
11622929 100
11987314 100
12061929 100
12215498 100
12381963 100
12583645 100
12584122 100
12846618 100
13020706 100
13352367 100
13755197 100
14097936 100
14128958 100
14494492 100
14773362 100
15093949 100
15362862 100
15385928 100
15510410 100
15683571 100
16062881 100
16141107 100
16555110 100
16773400 100
16882422 100
16947651 100
17121106 100

0 1
0 1
367631126 382
424721786 400
569165515 400
667621253 400
715406610 400
760400047 400
914289585 400
934514730 400
1106247224 400
1249440890 400
1454626054 400
1663356667 400
1749060353 400
1849133793 400
1929173059 400
2109948339 400
2306555611 400
2423150472 400
2587698045 400
2598999364 400
2790271559 400
2939539279 400
2991277615 400
3170118671 400
3173418050 400
3213493611 400
3234289490 400
3345238582 400
3426086873 400
3515311230 400
3630589679 400
3646534200 400
3656221374 400
3810014118 400
3843032703 400
3971284749 400
4038652262 400
4108667513 400
4146216172 400
4329889930 400
4492326644 400
4544968827 400
4631727832 400
4734704744 400
4903258429 400
5073332255 400
5114094701 400
5196417685 400
5383041354 400
5513775684 400
5706120518 400
5881495503 400
6072462556 400
6172317521 400
6207530497 400
6409329669 400
6573418797 400
6665437678 400
6788076559 400
6826150767 400
6860531953 400
6994995266 400
7069847329 400
7156602971 400
7279906479 400
7477926669 400
7569600997 400
7572464190 400
7658475656 400
7716084706 400
7800444387 400
7856785457 400
8013459871 400
8028936464 400
8054319228 400
8258233635 400
8331815142 400
8420569633 400
8628720286 400
8815855138 400
8860533514 400
8935990794 400
9035384828 400
9150642838 400
9300143341 400
9472058291 400
9537146732 400
9548277720 400
9724819922 400
9746383263 400
9926406253 400
9972116039 400
9983798985 400
10157611468 400
10350994431 400
10393660932 400
10402138426 400
10443889603 400
10530287448 400
10694330703 400
10741114896 400
10845574663 400
11028733918 400
11103747571 400
11264572125 400
11386933109 400
11568031996 400
11645075681 400
11749545836 400
11899767983 400
12010070124 400
12133647771 400
12332520371 400
12346053731 400
12429905935 400
12563061047 400
12596626715 400
12611609240 400
12696035341 400
12767711752 400
12807562010 400
12816515882 400
12982827457 400
13123142525 400
13278300227 400
13374923344 400
13412478357 400
13606371737 400
13706154049 400
13889210478 400
14028087608 400
14187199233 400
14220569103 400
14223821955 400
14353889700 400
14383574871 400
14521675564 400
14598332031 400
14780023710 400
14786875816 400
14848030289 400
14989212718 400
15190627140 400
15365105767 400
15414292545 400
15587315970 400
15661192187 400
15863322851 400
16032583483 400
16139139489 400
16148202921 400
16202968572 400
16262863027 400
16269177242 400
16308476742 400
16382457471 400
16499586427 400
16637723382 400
16642530749 400
16811815782 400
16897929202 400
17095095833 400
17244487107 400
17285708701 400
17292909012 400
17379880351 400
17541818798 400
17711126975 400
17891402342 400
17914551862 400
18082864623 400
18144402740 400
18251944916 400
18443905025 400
18635497670 400
18731494752 400
18789979024 400
18969050984 400
19112523437 400
19149667878 400
19156385106 400
19351015004 400
19392024899 400
19411880596 400
19512618425 400
19668152320 400
19755448044 400
19896701280 400
20103126013 400
20196667983 400
20310419319 400
20384058457 400
20588102549 400
20624985998 400
20629738121 400
20645755835 400
20785909711 400
20906637248 400

