257 604 161 
624 141 508 
311 209 313 
388 397 471 
130 222 75 
438 569 216 
419 546 144 
522 22 375 
232 234 628 
619 66 315 
123 217 497 
150 76 50 
489 39 496 
365 405 243 
629 105 591 
277 557 90 
266 598 613 
89 395 151 
482 374 615 
283 531 537 
451 58 98 
262 492 305 
33 316 215 
480 251 523 
172 162 181 
588 83 366 
515 275 264 
120 118 108 
101 302 206 
363 473 458 
132 252 387 
61 499 62 
335 524 543 
189 289 282 
468 285 326 
332 381 436 
139 392 609 
362 399 459 
14 65 241 
625 158 248 
407 463 94 
338 220 446 
256 293 176 
160 28 195 
211 85 325 
192 372 452 
431 63 585 
26 412 207 
106 7 341 
55 361 204 
478 113 500 
306 567 467 
360 432 506 
592 155 377 
214 589 273 
304 368 193 
109 383 300 
477 345 428 
11 371 286 
507 559 495 
133 521 350 
352 612 45 
48 402 292 
15 240 128 
575 481 447 
131 556 35 
415 529 78 
340 568 54 
501 445 425 
358 199 169 
616 631 70 
69 21 95 
261 554 284 
96 430 455 
485 174 165 
620 579 93 
533 297 633 
114 258 513 
621 191 593 
298 164 527 
156 221 555 
318 552 308 
549 225 339 
129 84 587 
138 484 246 
184 329 235 
404 12 253 
74 230 134 
409 117 334 
356 268 596 
40 159 488 
390 398 239 
80 269 355 
571 303 149 
457 210 265 
541 444 538 
202 271 323 
476 560 328 
566 244 320 
301 17 224 
203 53 99 
413 502 611 
60 238 185 
198 469 91 
545 124 603 
532 31 512 
581 183 229 
553 330 608 
572 296 34 
56 100 564 
601 380 319 
260 167 157 
434 288 426 
461 551 474 
550 490 562 
196 291 342 
539 201 290 
364 602 86 
72 29 212 
245 324 333 
36 435 186 
8 394 400 
605 13 187 
367 327 547 
456 346 441 
119 322 632 
263 590 449 
180 153 166 
23 154 420 
236 510 274 
295 136 594 
540 9 423 
228 606 466 
79 536 44 
168 386 46 
280 205 385 
462 127 630 
321 379 135 
570 424 479 
526 270 267 
427 433 511 
376 487 534 
520 190 617 
580 607 255 
542 483 237 
67 32 71 
299 310 309 
18 279 68 
563 472 443 
373 450 544 
614 494 49 
104 378 584 
411 178 307 
348 121 440 
486 565 470 
188 163 464 
331 408 618 
16 401 208 
47 143 465 
3 42 396 
535 152 5 
416 403 102 
391 561 116 
287 194 6 
558 249 57 
627 82 200 
226 437 586 
218 146 370 
41 1 30 
525 27 354 
414 344 177 
406 504 137 
231 519 336 
182 410 97 
574 626 126 
418 369 595 
439 145 384 
20 77 491 
122 382 294 
278 576 351 
599 250 337 
92 514 454 
242 453 170 
528 219 460 
110 359 442 
583 314 517 
353 247 81 
600 37 357 
429 107 111 
516 88 19 
197 498 475 
272 610 38 
393 503 24 
505 64 448 
509 2 578 
389 179 518 
622 43 140 
417 623 147 
597 317 349 
582 281 276 
213 223 548 
530 175 52 
173 421 87 
10 51 227 
422 171 254 
112 233 577 
125 259 59 
493 312 103 
343 573 4 
142 347 115 
73 148 25 

45 77 175 
178 107 119 
155 53 197 
41 18 39 
169 177 80 
208 210 85 
78 110 90 
217 99 162 
159 113 83 
130 205 105 
168 163 156 
20 97 158 
23 143 129 
134 220 69 
73 125 55 
33 135 224 
81 108 35 
57 112 167 
50 192 213 
27 103 25 
165 186 174 
181 195 1 
87 222 204 
54 104 139 
46 75 148 
200 56 206 
194 221 141 
164 92 203 
190 84 214 
101 8 219 
93 12 227 
48 120 117 
212 176 157 
173 118 160 
71 37 209 
109 152 59 
40 128 114 
21 49 51 
226 6 2 
102 29 161 
137 202 30 
64 140 14 
100 19 94 
184 52 60 
138 131 171 
31 149 17 
126 145 198 
153 15 132 
95 16 170 
211 116 88 
44 7 76 
185 4 22 
228 179 38 
106 96 98 
144 151 147 
11 72 91 
215 34 67 
70 207 65 
13 86 199 
123 223 166 
62 63 201 
187 196 150 
32 136 124 
26 216 10 
9 5 193 
115 74 61 
24 66 82 
36 183 127 
79 191 180 
68 47 154 
133 89 58 
225 188 3 
28 218 42 
189 146 121 
122 182 142 
111 172 43 

471 398 355 
631 448 306 
557 480 121 
209 596 42 
540 287 563 
539 95 203 
546 186 464 
385 658 588 
207 176 338 
632 331 510 
185 98 363 
442 501 381 
55 229 122 
477 591 193 
111 148 283 
386 326 112 
610 269 582 
567 197 92 
606 602 125 
559 366 536 
497 16 458 
638 628 635 
642 88 553 
429 238 374 
486 636 584 
225 639 271 
499 368 258 
354 308 159 
301 453 15 
222 603 337 
509 468 63 
237 277 562 
152 469 624 
384 650 93 
87 653 383 
133 446 435 
506 523 127 
618 143 533 
18 71 182 
541 318 577 
348 641 164 
619 17 649 
320 555 156 
178 285 138 
432 357 49 
620 335 529 
403 589 493 
230 475 456 
200 404 300 
241 463 257 
339 64 452 
25 144 250 
410 270 313 
106 605 149 
205 622 388 
519 614 345 
262 664 124 
428 154 573 
68 367 401 
278 282 220 
504 406 532 
103 409 414 
56 157 645 
436 7 652 
580 438 196 
351 323 426 
174 599 78 
440 572 293 
518 503 550 
524 528 525 
522 9 513 
393 116 130 
593 50 296 
245 547 302 
59 419 204 
210 43 291 
37 23 26 
58 489 508 
297 651 275 
500 266 575 
665 655 512 
350 168 126 
542 545 608 
590 617 578 
581 163 206 
69 437 662 
131 284 57 
534 353 280 
99 33 170 
188 470 11 
369 235 527 
90 219 490 
181 119 457 
105 422 379 
77 425 32 
19 476 520 
349 305 334 
244 411 392 
299 30 218 
162 455 254 
659 516 465 
86 167 223 
101 576 276 
537 54 73 
601 347 309 
544 35 28 
102 259 307 
208 564 647 
72 233 41 
427 140 180 
294 459 48 
586 341 405 
634 371 20 
45 261 387 
583 485 361 
491 663 327 
434 51 483 
274 6 248 
498 569 191 
433 400 451 
132 449 637 
611 328 67 
211 530 439 
158 39 190 
227 251 183 
445 625 310 
139 466 657 
340 242 290 
22 585 342 
656 289 587 
272 141 565 
155 234 120 
179 212 264 
325 594 292 
607 423 304 
329 484 375 
543 38 430 
187 616 175 
378 390 199 
352 441 44 
40 372 365 
482 640 595 
314 109 217 
380 332 604 
526 648 10 
643 150 551 
243 189 424 
344 104 1 
416 110 517 
362 255 343 
247 201 295 
2 136 224 
36 279 74 
566 627 462 
52 443 319 
75 60 556 
118 172 286 
487 360 395 
128 415 246 
312 376 239 
317 268 53 
89 134 552 
346 84 549 
249 62 29 
281 5 253 
495 142 488 
321 12 478 
505 359 356 
146 421 160 
444 236 450 
228 311 417 
479 215 107 
535 511 165 
80 195 568 
560 364 609 
600 14 394 
548 621 515 
315 420 629 
137 514 626 
147 370 21 
65 561 267 
117 169 76 
47 460 123 
256 598 623 
288 571 96 
226 592 431 
216 31 496 
34 173 192 
666 502 612 
46 202 135 
177 358 252 
265 474 324 
570 558 336 
630 83 240 
194 661 333 
654 82 81 
171 129 473 
273 4 389 
613 61 597 
115 574 391 
316 472 408 
447 397 231 
79 198 633 
263 232 24 
113 330 377 
413 214 70 
461 492 184 
412 418 644 
494 221 481 
303 660 153 
3 407 114 
161 521 396 
260 94 91 
97 108 213 
399 646 615 
507 467 382 
373 13 322 
554 151 8 
66 27 145 
85 166 531 
579 538 100 
298 402 454 

56 31 162 
148 58 120 
35 45 165 
176 18 95 
203 210 81 
12 91 172 
117 23 188 
122 42 131 
127 141 129 
158 138 52 
137 195 202 
85 164 28 
185 182 66 
93 5 209 
6 37 102 
105 96 21 
156 25 108 
110 101 10 
67 82 206 
143 178 113 
14 186 60 
169 70 4 
197 97 124 
13 123 15 
84 183 171 
159 50 168 
83 107 118 
40 207 100 
161 174 72 
53 126 80 
33 73 98 
139 142 1 
199 192 152 
150 36 179 
136 193 74 
121 63 184 
54 190 55 
17 48 132 
77 109 75 
90 29 146 
3 180 20 
61 191 99 
194 106 76 
32 27 69 
149 2 49 
205 173 119 
7 145 79 
47 19 112 
167 26 116 
125 57 86 
88 39 94 
64 22 157 
89 196 78 
43 147 8 
140 134 128 
87 16 181 
59 177 200 
133 30 135 
130 71 46 
62 111 92 
155 104 198 
208 44 144 
153 151 24 
201 154 9 
166 11 175 
187 51 189 
160 34 103 
65 114 38 
41 204 68 
170 115 163 

486 250 587 
25 655 191 
217 595 230 
675 64 567 
658 633 233 
100 541 604 
300 1 262 
205 445 343 
565 120 434 
102 92 577 
638 615 272 
429 646 634 
68 669 13 
614 69 302 
640 303 116 
539 91 657 
391 348 413 
476 576 395 
653 523 628 
3 195 354 
227 192 122 
559 410 108 
196 243 124 
570 641 251 
488 46 608 
404 329 177 
566 184 436 
199 674 389 
247 65 584 
536 306 106 
546 598 374 
315 558 220 
456 491 383 
353 400 207 
360 8 484 
388 390 256 
642 223 369 
320 554 126 
673 201 257 
407 282 468 
266 528 520 
393 187 394 
115 601 39 
352 132 451 
592 244 606 
142 165 155 
503 77 415 
549 203 30 
617 313 173 
15 600 625 
487 522 128 
325 29 38 
149 355 163 
372 294 349 
551 103 144 
112 330 548 
616 366 380 
231 586 178 
512 111 409 
327 345 610 
477 59 411 
621 79 56 
632 310 150 
215 133 286 
311 569 234 
454 85 540 
263 662 544 
612 384 55 
351 550 146 
555 304 314 
213 157 158 
661 28 499 
271 387 309 
654 7 159 
114 480 462 
130 494 198 
218 504 385 
58 264 252 
637 438 316 
121 639 267 
93 498 41 
214 54 51 
78 563 31 
176 171 210 
185 495 94 
23 611 145 
44 450 474 
663 98 557 
392 280 485 
596 335 135 
531 525 202 
42 534 212 
123 609 517 
9 645 585 
571 626 221 
492 636 110 
624 136 497 
509 2 455 
417 308 430 
164 442 88 
14 291 186 
475 277 643 
141 119 408 
104 169 378 
589 433 81 
581 648 342 
134 513 516 
160 154 599 
472 526 285 
479 242 200 
535 312 232 
118 572 166 
664 105 161 
319 545 125 
490 420 607 
619 254 358 
255 556 261 
656 458 206 
190 249 328 
574 422 331 
470 660 253 
543 167 279 
666 399 197 
283 398 464 
67 27 260 
644 296 292 
532 237 453 
276 467 269 
367 449 496 
605 368 240 
542 365 228 
359 305 129 
288 515 527 
347 377 71 
209 379 66 
507 502 229 
139 428 238 
364 22 501 
86 89 72 
357 290 5 
301 514 297 
670 649 432 
396 193 659 
204 459 580 
427 431 510 
627 235 19 
21 97 341 
162 10 323 
575 17 48 
95 35 618 
418 460 489 
224 448 83 
630 552 371 
481 208 32 
538 284 508 
406 174 156 
60 265 53 
278 117 493 
370 561 414 
74 578 405 
623 339 6 
194 239 402 
153 246 593 
18 524 518 
26 148 500 
225 321 665 
138 426 588 
268 568 49 
386 47 671 
521 424 537 
34 651 346 
90 591 181 
281 461 99 
613 672 295 
211 473 219 
629 469 37 
245 519 180 
317 375 248 
16 275 363 
416 137 530 
597 478 401 
603 293 332 
318 382 446 
273 36 299 
667 376 179 
465 444 423 
437 403 344 
12 40 650 
189 582 337 
620 590 652 
336 307 447 
463 441 483 
533 412 340 
452 151 443 
562 457 350 
440 168 107 
147 241 573 
226 668 127 
529 87 471 
57 183 553 
505 70 421 
259 140 373 
425 24 61 
506 143 33 
11 397 82 
222 76 583 
362 109 435 
96 50 511 
43 482 287 
258 62 20 
635 326 216 
270 547 361 
182 188 152 
381 631 439 
334 101 622 
419 80 274 
647 289 131 
322 236 324 
52 175 338 
113 560 73 
75 4 594 
45 298 172 
564 602 170 
579 63 466 
333 84 356 

5 83 430 
156 554 363 
444 289 209 
516 573 304 
437 28 531 
373 165 53 
450 515 502 
234 348 115 
30 169 416 
298 465 217 
369 501 220 
505 90 16 
242 178 105 
18 245 44 
541 35 181 
447 561 513 
454 86 191 
358 37 540 
578 305 367 
384 539 89 
466 583 417 
34 575 553 
206 210 33 
267 87 526 
518 414 65 
353 493 94 
334 147 487 
528 100 590 
196 477 132 
29 143 594 
452 494 469 
338 207 441 
12 323 324 
296 284 260 
116 70 520 
317 119 446 
7 262 442 
378 538 586 
401 336 375 
580 308 97 
425 297 545 
160 48 137 
320 187 587 
75 455 238 
405 282 509 
252 69 268 
511 58 404 
88 448 177 
537 489 271 
47 301 52 
180 157 190 
551 345 64 
504 149 432 
246 522 387 
372 131 201 
475 171 226 
9 272 431 
495 559 552 
162 214 253 
285 27 151 
36 413 118 
107 371 316 
292 568 55 
337 356 202 
241 275 134 
32 215 533 
464 400 468 
440 472 303 
357 492 390 
328 426 193 
491 281 314 
476 61 293 
114 386 172 
555 222 474 
456 164 347 
459 326 331 
445 199 277 
588 529 422 
399 379 117 
294 219 43 
295 183 248 
410 424 63 
145 244 350 
133 415 403 
558 443 394 
591 50 288 
239 365 290 
142 22 453 
68 484 13 
82 419 435 
359 283 449 
524 471 195 
98 23 300 
470 237 92 
59 364 221 
506 26 14 
592 263 525 
19 56 49 
480 286 556 
185 265 478 
60 212 342 
396 380 548 
428 313 582 
385 279 325 
333 46 259 
31 481 154 
514 374 136 
152 251 41 
67 106 198 
269 500 560 
344 192 388 
4 278 510 
57 330 490 
429 571 479 
250 159 150 
270 496 200 
434 254 72 
306 321 530 
186 276 382 
339 144 161 
361 258 439 
280 512 569 
99 170 71 
102 249 352 
78 354 461 
362 17 38 
366 498 542 
140 42 563 
62 346 273 
101 488 256 
567 11 546 
166 409 291 
332 376 108 
340 153 10 
329 103 197 
104 211 389 
544 360 383 
223 302 309 
3 123 194 
462 91 163 
73 547 312 
585 66 203 
168 467 179 
243 572 111 
139 80 322 
395 182 391 
1 148 121 
54 392 406 
412 45 521 
318 8 370 
155 112 213 
130 135 208 
229 230 497 
51 227 6 
310 402 581 
564 2 517 
319 231 311 
128 423 124 
129 438 411 
566 315 158 
579 557 508 
205 141 266 
482 110 574 
307 565 85 
570 457 485 
76 20 175 
225 584 218 
463 368 173 
109 24 127 
381 125 408 
138 232 527 
167 287 451 
550 499 120 
174 95 407 
519 577 224 
532 421 398 
335 534 216 
228 39 40 
549 418 261 
351 535 523 
235 433 84 
188 562 473 
507 25 355 
240 377 420 
327 96 486 
74 274 93 
77 247 113 
257 593 15 
122 204 233 
343 126 236 
503 255 21 
436 299 79 
349 184 393 
483 536 264 
397 189 146 
460 589 427 
458 81 576 
176 341 543 

139 315 176 
77 82 197 
59 249 329 
55 154 281 
191 86 258 
356 300 363 
330 122 20 
149 319 183 
243 308 127 
40 81 348 
213 46 353 
48 216 32 
170 377 35 
287 403 303 
174 332 200 
221 173 236 
334 242 269 
18 171 360 
131 199 49 
9 135 101 
307 240 117 
349 265 88 
153 129 391 
237 420 51 
124 394 85 
22 318 238 
264 75 72 
316 379 83 
234 138 43 
218 309 44 
395 331 233 
58 239 162 
283 14 366 
263 165 33 
180 230 409 
93 74 305 
338 158 400 
190 369 132 
327 219 245 
260 227 56 
342 108 361 
70 226 413 
399 223 1 
31 383 298 
374 17 336 
112 204 92 
215 419 211 
385 373 235 
78 294 41 
160 53 276 
326 388 354 
364 370 314 
178 137 105 
38 250 128 
99 118 404 
69 254 398 
225 337 393 
325 13 141 
163 224 145 
387 246 355 
231 4 341 
335 247 151 
266 110 150 
148 347 322 
71 241 375 
186 389 252 
232 195 340 
121 109 24 
90 256 416 
296 61 68 
103 282 147 
392 115 328 
415 376 410 
102 76 405 
192 184 371 
207 350 206 
202 57 193 
45 384 412 
107 270 257 
198 130 89 
212 182 324 
367 194 401 
304 295 113 
274 351 100 
84 156 91 
208 321 273 
39 36 408 
143 402 290 
164 8 11 
161 87 134 
120 302 251 
217 177 97 
411 267 144 
209 5 142 
339 311 167 
16 261 15 
386 359 19 
125 390 42 
2 133 297 
189 255 10 
279 181 248 
284 293 157 
271 172 344 
111 352 54 
357 228 214 
382 320 60 
21 292 201 
29 166 278 
126 397 312 
317 155 25 
67 50 288 
306 343 381 
94 62 380 
119 210 346 
196 6 95 
12 310 175 
358 275 168 
378 285 229 
280 244 104 
185 272 345 
114 30 98 
47 406 146 
286 123 372 
96 26 253 
259 418 28 
136 23 63 
220 289 396 
66 417 80 
365 140 7 
414 37 52 
179 188 368 
313 187 299 
3 323 362 
333 407 169 
262 205 152 
34 65 291 
277 27 159 
106 222 73 
268 116 301 
79 203 64 

