322 53 586 
583 217 390 
230 331 253 
589 572 34 
128 626 275 
458 598 486 
225 227 124 
493 23 14 
498 196 281 
153 433 411 
330 587 553 
193 255 300 
618 243 292 
363 524 272 
96 445 509 
247 62 423 
33 353 199 
213 95 78 
368 414 579 
267 463 216 
347 528 214 
529 427 495 
627 182 200 
593 189 507 
256 582 164 
222 130 399 
432 406 452 
59 261 632 
80 606 149 
173 87 54 
542 578 319 
504 320 585 
66 469 557 
474 249 42 
251 228 403 
590 610 12 
282 79 450 
123 415 360 
219 37 138 
191 418 32 
293 166 3 
317 5 75 
602 373 398 
2 393 394 
464 362 311 
274 329 321 
262 171 126 
26 232 47 
541 152 473 
378 69 350 
61 499 194 
562 50 116 
119 379 112 
183 269 591 
212 408 554 
58 129 516 
461 306 209 
290 188 91 
45 315 118 
413 103 621 
46 588 384 
508 25 539 
424 356 512 
566 354 24 
98 56 494 
260 476 386 
523 22 73 
7 525 575 
332 88 555 
446 397 501 
35 81 27 
460 325 513 
279 107 324 
506 633 159 
205 485 630 
487 387 459 
609 106 175 
302 338 51 
48 287 178 
169 612 607 
540 170 283 
4 235 39 
305 127 151 
503 451 490 
453 136 102 
556 234 280 
472 8 559 
616 422 531 
551 592 402 
457 303 239 
344 625 574 
604 448 491 
569 179 391 
147 371 142 
361 514 417 
605 404 377 
111 162 429 
86 419 381 
584 374 492 
85 401 407 
475 9 154 
117 271 270 
276 447 567 
623 521 236 
76 412 561 
31 465 581 
318 336 223 
552 443 614 
64 105 308 
533 537 143 
577 197 140 
198 454 631 
146 284 257 
233 139 382 
420 49 478 
376 204 547 
436 203 264 
298 304 40 
180 482 326 
52 30 108 
488 611 250 
470 349 82 
185 434 596 
101 519 301 
352 161 121 
456 21 565 
534 314 273 
134 549 334 
113 10 84 
335 90 11 
600 477 515 
226 603 70 
348 568 168 
244 13 83 
238 277 288 
195 468 601 
327 367 17 
526 313 77 
467 94 346 
389 342 254 
380 620 497 
505 455 375 
43 546 174 
157 483 150 
543 395 571 
38 316 215 
181 573 370 
622 63 558 
20 115 500 
341 437 544 
545 186 245 
208 259 613 
339 92 67 
405 392 502 
224 187 484 
383 323 608 
211 409 294 
122 421 310 
365 442 359 
100 576 278 
89 431 358 
510 595 355 
16 295 619 
55 340 19 
312 289 430 
471 388 617 
563 99 309 
425 518 6 
172 396 410 
110 202 538 
532 481 176 
400 144 615 
527 207 137 
307 242 299 
333 135 441 
345 263 177 
536 364 190 
241 28 449 
229 496 160 
163 141 165 
439 120 192 
530 201 18 
104 155 570 
560 597 328 
550 385 564 
167 65 221 
71 1 74 
72 435 68 
337 462 511 
624 210 240 
580 93 466 
548 220 599 
206 252 246 
343 480 44 
156 594 286 
15 522 41 
266 351 366 
248 444 428 
291 416 372 
426 218 268 
438 297 158 
148 628 479 
36 285 57 
535 237 133 
29 357 145 
296 231 60 
369 114 132 
517 131 125 
184 109 258 
265 489 629 
440 520 97 

106 137 120 
104 93 96 
223 116 64 
95 50 130 
23 196 21 
15 11 189 
42 145 124 
80 38 228 
6 62 216 
153 28 143 
83 179 195 
2 213 174 
94 183 212 
224 33 86 
43 135 201 
136 41 7 
37 22 17 
181 119 10 
227 118 79 
114 128 40 
188 166 12 
164 163 1 
70 65 138 
82 58 73 
131 187 133 
122 142 36 
171 113 154 
14 55 66 
85 208 210 
77 175 45 
156 8 49 
123 105 110 
27 226 56 
30 20 167 
178 63 101 
108 88 76 
48 215 74 
112 176 168 
204 91 87 
194 32 182 
127 184 158 
206 16 19 
26 218 46 
170 160 173 
214 220 132 
69 193 207 
60 161 200 
162 217 99 
205 107 150 
144 147 151 
92 31 81 
139 100 222 
90 78 202 
59 203 155 
47 67 68 
134 209 71 
5 190 4 
159 140 177 
53 192 84 
102 29 185 
121 98 211 
24 35 52 
103 149 25 
180 199 13 
54 225 111 
57 117 44 
152 75 9 
146 39 115 
157 197 97 
186 61 165 
3 126 72 
34 89 129 
191 221 198 
18 148 51 
109 125 169 
141 219 172 

452 64 339 67 184 408 
418 60 556 21 108 447 
631 448 306 80 133 318 
398 82 81 166 503 623 
402 70 634 167 227 559 
56 146 160 75 196 507 
152 624 469 15 331 530 
185 363 98 84 110 651 
189 424 243 111 289 554 
194 333 661 64 413 527 
544 406 504 231 245 253 
119 65 537 53 463 618 
349 305 167 520 532 647 
558 253 442 588 594 606 
97 223 351 181 193 361 
615 399 489 48 190 460 
487 292 298 36 99 426 
519 159 308 2 429 612 
204 419 59 10 470 482 
375 323 120 55 300 407 
566 569 627 175 380 392 
242 502 666 107 282 566 
211 289 340 208 564 641 
500 36 266 340 435 436 
143 526 10 6 605 635 
13 322 373 321 537 620 
595 482 640 237 267 552 
324 474 265 17 114 601 
33 170 99 45 54 349 
203 539 95 187 360 569 
376 239 312 113 161 263 
632 510 331 22 342 377 
270 660 303 40 127 557 
633 198 79 273 440 581 
466 485 361 304 383 458 
449 637 132 30 307 455 
350 346 115 471 562 584 
213 542 606 157 195 319 
127 506 523 136 445 449 
374 429 238 467 547 549 
563 534 102 135 256 406 
217 307 421 268 382 473 
75 535 644 56 350 599 
530 612 656 214 259 627 
87 653 611 180 260 347 
417 228 311 206 375 597 
287 540 426 335 462 563 
618 168 648 622 638 644 
610 600 240 23 24 565 
577 318 541 327 353 432 
55 229 29 49 368 511 
381 202 173 97 456 468 
422 379 105 160 199 433 
505 572 356 345 466 517 
342 262 664 96 412 664 
370 147 21 66 126 176 
3 377 181 128 428 536 
488 495 142 12 82 312 
207 338 176 238 344 607 
430 38 543 16 57 538 
290 456 439 156 292 446 
161 179 396 118 120 254 
128 445 227 367 487 535 
68 367 401 35 198 593 
602 125 108 69 423 510 
133 484 507 390 417 629 
483 51 434 194 373 391 
259 335 564 348 525 574 
46 83 263 293 481 662 
309 347 601 235 252 660 
16 443 180 27 89 661 
44 622 388 37 371 422 
479 215 107 217 386 583 
96 140 11 79 173 265 
390 378 199 9 11 147 
645 251 371 14 216 461 
586 341 405 364 403 509 
201 295 247 4 515 609 
275 257 297 63 131 222 
480 121 166 95 354 589 
73 472 94 518 640 657 
433 400 451 416 476 604 
320 555 156 210 485 600 
255 362 343 68 376 633 
222 389 4 32 112 628 
446 533 281 441 523 580 
529 39 190 472 492 570 
332 380 384 202 516 643 
321 478 12 169 221 363 
187 175 269 7 261 270 
581 585 372 25 162 658 
114 395 154 83 512 529 
32 501 280 47 192 247 
659 177 118 132 567 626 
503 244 359 225 226 548 
235 527 369 115 243 490 
453 92 278 171 174 442 
232 76 432 182 211 656 
508 551 646 62 372 484 
364 609 560 87 399 450 
397 447 231 85 303 663 
200 404 300 145 314 328 
463 241 392 46 272 650 
423 607 304 103 236 531 
206 256 252 130 170 357 
617 590 578 122 163 419 
358 598 623 81 140 571 
457 613 197 117 134 493 
444 236 450 295 341 405 
621 515 548 183 315 578 
522 393 455 158 229 379 
603 337 279 213 394 596 
26 647 23 1 387 611 
552 531 183 88 94 105 
427 550 440 3 306 411 
408 260 316 164 534 546 
230 436 565 154 311 514 
37 596 49 5 325 427 
461 492 184 42 59 100 
477 193 591 251 526 591 
579 100 538 98 573 659 
151 554 63 119 322 365 
462 413 104 74 465 592 
546 186 464 50 257 298 
130 571 162 240 608 637 
608 365 40 302 469 551 
386 112 330 146 218 645 
570 85 301 250 262 501 
387 45 319 138 439 558 
210 43 291 209 352 494 
233 191 498 123 317 454 
8 385 588 26 370 542 
314 471 139 248 305 519 
366 536 559 29 389 666 
428 545 353 316 339 550 
218 299 30 121 401 655 
415 22 246 43 219 598 
237 277 562 142 220 228 
219 90 490 52 246 585 
310 124 625 159 203 212 
20 106 169 39 418 586 
164 348 641 233 271 634 
561 234 188 106 137 533 
437 69 662 269 572 610 
101 276 576 241 443 453 
224 2 136 351 491 495 
216 496 31 124 398 617 
568 80 195 41 71 410 
158 117 620 116 191 385 
420 315 67 73 264 577 
511 334 580 409 452 508 
28 35 261 28 93 356 
313 589 41 296 366 613 
638 635 628 90 420 595 
71 182 18 19 78 483 
599 174 78 86 185 521 
111 470 357 179 287 478 
407 605 435 283 489 615 
528 524 525 244 457 653 
360 258 499 430 438 624 
642 354 553 275 486 539 
50 296 593 249 496 648 
267 382 467 502 579 621 
138 285 178 151 299 479 
327 491 663 33 475 477 
249 226 592 104 323 336 
282 573 149 58 60 141 
409 414 103 51 223 587 
493 403 410 205 294 561 
665 512 655 215 230 374 
657 27 86 414 504 649 
62 122 431 44 274 396 
93 650 604 152 278 388 
116 250 513 20 393 590 
465 383 17 369 378 568 
248 557 205 281 431 630 
148 283 352 8 291 358 
157 368 5 258 540 614 
583 497 458 279 355 652 
9 254 344 204 234 545 
14 272 597 70 497 636 
72 549 587 13 424 576 
574 145 475 65 144 381 
6 274 24 77 200 330 
518 391 293 149 329 395 
137 514 626 153 189 434 
126 172 411 18 582 632 
141 25 88 143 337 642 
57 131 284 61 277 448 
520 476 19 284 338 631 
636 486 584 125 625 646 
192 532 34 242 285 556 
163 547 66 109 288 425 
165 652 153 286 333 541 
221 481 494 150 232 421 
77 84 425 224 359 500 
15 516 567 326 402 499 
651 134 89 168 480 488 
286 61 658 72 543 560 
150 521 264 324 334 513 
294 459 48 101 197 400 
91 54 326 320 451 616 
328 441 220 201 266 459 
639 271 225 34 437 654 
52 329 1 92 129 602 
438 629 196 310 343 665 
208 209 42 172 474 619 
643 212 53 186 313 464 
575 74 273 178 332 555 
473 171 129 91 415 505 
317 268 58 31 239 255 
245 302 7 308 309 404 
109 630 144 188 207 346 
616 582 394 384 524 528 
123 460 47 38 301 522 
649 619 113 290 553 639 
345 155 214 444 506 544 
135 288 412 139 276 603 
614 355 654 155 362 575 
594 454 325 102 397 498 
509 336 468 76 177 297 
110 416 517 148 165 280 

143 59 36 
152 129 127 
113 12 194 
27 184 39 
179 103 181 
124 87 183 
123 195 75 
148 88 137 
35 133 193 
25 156 108 
105 29 131 
111 153 164 
187 37 19 
170 8 68 
83 101 51 
43 50 110 
161 64 176 
159 167 145 
55 185 32 
69 57 46 
97 171 85 
207 66 201 
26 28 134 
42 30 196 
54 14 186 
31 150 34 
56 189 166 
53 20 84 
188 65 23 
192 130 199 
6 102 151 
175 7 24 
120 160 15 
146 202 162 
106 126 48 
67 190 177 
33 180 77 
98 38 204 
200 89 132 
203 112 61 
76 155 100 
21 109 4 
135 63 141 
82 10 73 
122 74 13 
86 80 206 
16 168 17 
197 210 138 
79 128 58 
81 104 94 
71 18 95 
191 149 91 
9 154 163 
208 173 119 
49 116 182 
22 198 125 
96 158 5 
41 62 117 
139 118 52 
174 60 165 
172 178 99 
1 144 92 
40 142 147 
72 90 115 
45 114 3 
93 44 209 
47 70 205 
157 11 136 
2 121 107 
140 169 78 

516 669 343 
584 403 668 
35 95 378 
342 252 58 
67 636 492 
548 338 271 
607 269 590 
489 524 163 
25 279 40 
104 544 662 
223 262 381 
227 192 9 
368 142 618 
339 411 376 
44 336 447 
249 200 156 
2 10 543 
91 657 581 
484 369 1 
165 512 144 
5 230 26 
445 365 425 
87 514 541 
510 495 275 
310 181 478 
587 250 397 
641 395 592 
357 107 426 
456 501 166 
160 176 477 
659 432 670 
267 612 34 
219 362 616 
185 421 162 
370 167 70 
337 345 430 
302 289 463 
576 55 292 
460 486 394 
614 505 225 
675 68 64 
383 382 491 
59 565 354 
331 649 537 
283 556 96 
316 644 251 
135 520 386 
468 97 406 
205 287 245 
203 30 433 
115 637 400 
152 140 621 
371 242 479 
332 36 597 
566 57 436 
94 16 363 
542 352 213 
324 168 4 
323 462 639 
438 476 455 
208 533 62 
86 89 72 
48 546 109 
356 671 278 
74 405 578 
23 611 307 
390 388 193 
340 194 535 
308 138 539 
201 178 497 
667 179 580 
141 482 373 
424 553 523 
560 113 33 
609 380 366 
263 401 521 
429 161 105 
350 49 349 
143 464 309 
122 148 500 
92 102 577 
78 184 31 
318 221 564 
82 355 259 
170 540 626 
39 191 450 
471 63 579 
290 190 466 
525 232 387 
313 452 171 
254 399 361 
238 418 11 
402 175 239 
8 246 153 
423 410 108 
617 247 127 
305 264 301 
174 529 327 
384 665 414 
12 650 353 
24 519 280 
295 613 672 
574 422 286 
116 469 218 
589 656 374 
515 73 475 
325 169 409 
625 28 41 
150 216 256 
118 60 572 
480 538 114 
487 228 622 
173 54 206 
661 214 151 
17 517 498 
80 56 149 
38 29 628 
75 594 322 
88 660 595 
253 645 77 
603 90 293 
493 392 334 
417 407 648 
204 434 344 
465 513 84 
569 195 634 
53 507 398 
112 531 261 
100 604 470 
562 620 198 
558 315 412 
502 229 330 
196 522 79 
333 134 124 
6 231 664 
85 255 52 
268 504 568 
467 472 372 
547 270 197 
19 642 235 
329 326 404 
393 98 126 
65 458 598 
413 391 348 
499 646 209 
652 640 629 
226 15 600 
133 273 177 
32 50 20 
297 236 552 
212 164 610 
103 653 155 
157 314 125 
635 215 240 
420 526 490 
42 442 359 
276 488 298 
647 431 474 
453 154 66 
396 605 183 
300 272 46 
180 528 555 
27 532 211 
37 303 360 
296 358 145 
554 320 567 
346 606 619 
601 509 131 
534 129 630 
288 602 571 
217 21 440 
136 379 311 
508 561 284 
202 446 454 
473 81 234 
443 623 110 
419 317 375 
437 435 260 
550 632 146 
13 428 451 
22 220 364 
18 101 596 
545 147 241 
188 128 132 
282 588 585 
608 83 377 
503 496 415 
139 248 335 
285 347 593 
658 633 233 
651 121 530 
172 457 631 
243 119 485 
43 573 663 
291 14 186 
182 158 61 
654 159 7 
441 655 306 
244 137 427 
511 527 312 
304 266 274 
666 207 483 
106 199 536 
494 45 638 
551 299 351 
123 599 549 
444 187 117 
518 47 408 
69 674 389 
277 643 265 
481 258 506 
570 321 416 
111 563 591 
281 461 99 
586 210 237 
71 627 385 
557 319 559 
328 582 189 
583 76 222 
575 624 3 
341 449 367 
448 224 130 
120 673 93 
439 615 294 
51 257 459 

405 246 386 131 154 472 13 110 478 4 168 192 
112 64 563 217 414 463 164 286 316 82 184 584 
168 567 104 21 156 165 242 273 319 250 384 430 
8 355 443 280 418 419 211 503 571 81 239 501 
55 206 425 208 333 431 157 288 549 68 479 564 
411 381 209 202 258 337 233 578 579 167 193 427 
159 572 455 353 389 517 196 296 405 143 390 537 
340 564 492 34 92 465 6 112 251 17 314 456 
136 359 229 160 512 539 333 394 498 173 292 535 
204 150 295 206 218 311 15 216 581 56 182 322 
288 37 491 145 238 455 71 566 592 380 453 555 
472 165 30 167 204 498 132 411 468 286 341 467 
263 139 20 26 358 515 47 274 509 43 65 72 
250 162 86 108 283 576 326 389 452 15 357 477 
421 504 390 61 103 379 432 505 553 3 502 567 
174 477 266 4 54 296 209 401 520 197 263 466 
447 59 41 77 295 542 207 263 384 114 294 362 
532 124 211 301 504 579 426 508 527 40 425 426 
501 27 584 246 514 582 63 158 515 102 402 504 
475 453 243 41 216 261 347 421 514 267 568 577 
80 177 322 57 130 279 90 272 372 271 284 495 
488 167 465 23 468 540 11 260 397 215 561 591 
261 115 569 40 330 397 190 247 587 233 367 563 
552 593 94 105 340 581 21 305 463 5 132 160 
573 36 33 30 75 510 148 297 460 356 385 538 
268 69 252 56 386 580 279 284 385 122 188 387 
61 476 293 48 162 553 65 484 546 366 401 421 
528 100 590 5 424 558 22 183 472 110 282 389 
191 287 129 51 346 590 415 434 583 18 87 325 
497 517 483 50 248 429 142 338 419 245 253 363 
558 549 434 115 197 457 94 341 485 16 104 261 
96 286 428 73 236 467 100 265 409 178 521 525 
519 486 554 86 399 443 461 517 561 36 248 536 
128 438 176 129 281 403 116 165 427 252 360 493 
407 410 586 1 338 492 395 428 521 441 470 540 
219 103 493 247 491 585 70 149 495 144 485 496 
461 110 233 409 485 562 103 143 423 283 316 429 
217 63 199 43 372 464 197 264 287 97 269 270 
474 222 555 207 396 500 87 204 219 452 468 528 
316 414 46 242 392 456 75 351 584 47 373 589 
346 576 51 356 448 566 68 268 494 109 276 547 
400 582 402 117 170 368 106 535 594 151 336 454 
328 426 193 127 269 586 55 354 399 25 202 476 
536 132 34 36 69 377 8 50 198 73 136 224 
516 330 138 319 486 571 189 310 359 91 451 488 
574 92 298 334 478 543 38 180 447 161 229 578 
526 594 238 79 128 159 115 218 479 177 371 545 
344 319 452 63 111 299 99 360 469 7 176 409 
350 29 189 481 505 524 369 470 552 54 89 391 
108 560 436 99 134 187 133 203 298 105 254 368 
231 65 522 297 401 573 17 159 249 71 208 527 
105 374 130 46 119 139 60 113 139 74 310 318 
166 195 296 33 252 370 93 246 413 138 329 361 
382 218 114 133 264 559 136 382 425 146 443 455 
337 81 419 383 578 588 53 131 147 22 126 432 
435 77 431 273 474 589 213 220 322 103 134 404 
544 578 470 344 387 536 301 337 412 37 519 565 
169 490 433 174 411 454 228 285 436 140 209 507 
279 111 391 13 144 365 391 417 473 222 320 483 
90 16 505 426 450 490 241 321 342 148 462 511 
392 546 247 254 550 591 76 424 504 117 382 498 
241 230 527 101 355 506 28 454 568 118 206 328 
240 377 420 292 302 548 16 329 442 189 210 353 
487 512 416 142 157 412 231 523 559 469 518 548 
226 73 122 90 148 391 315 496 543 66 147 246 
471 511 291 249 452 496 330 547 586 256 354 388 
393 202 265 442 460 565 83 358 366 55 223 442 
93 571 200 224 276 408 97 548 567 98 265 434 
534 239 559 94 293 351 353 572 588 39 291 403 
351 264 357 112 179 220 177 255 317 6 327 590 
35 404 369 81 260 267 14 101 162 84 228 309 
259 515 228 18 471 495 25 229 430 386 522 549 
412 45 521 231 318 361 117 173 474 48 438 512 
68 13 484 8 349 544 37 120 230 124 433 471 
388 213 40 315 395 482 324 402 525 88 205 212 
364 444 467 210 278 388 312 331 577 26 226 321 
514 72 440 44 58 201 114 126 282 93 330 562 
380 503 356 222 366 473 42 78 406 94 195 204 
248 441 214 141 188 265 18 235 295 1 183 554 
332 53 25 15 312 321 58 283 487 85 166 517 
22 131 62 28 95 533 69 256 445 76 185 255 
147 157 180 122 290 413 54 368 526 260 349 352 
450 577 145 47 232 256 178 352 580 45 70 492 
338 74 363 123 522 594 1 208 422 64 196 240 
232 256 387 25 230 382 119 375 489 123 439 523 
140 454 101 237 342 466 124 206 370 59 463 494 
533 11 97 91 177 451 476 545 558 83 200 251 
144 289 155 140 347 547 72 250 357 125 258 447 
422 42 580 181 182 575 3 293 529 398 480 491 
318 82 589 64 213 534 19 444 507 86 344 431 
462 183 125 106 328 440 29 89 386 58 90 141 
178 197 311 22 32 74 393 446 573 23 465 489 
481 31 154 203 476 574 7 318 593 278 307 370 
513 284 305 12 229 552 248 320 367 145 312 319 
290 158 460 341 423 487 153 311 569 221 232 532 
89 384 539 109 323 404 73 565 582 153 351 556 
326 459 331 268 350 497 334 519 574 272 377 506 
160 212 541 49 185 444 201 234 262 119 133 412 
320 587 187 96 336 556 205 269 429 172 542 585 
151 480 583 343 410 425 150 458 502 155 487 551 
39 469 427 259 345 549 214 275 491 378 411 592 
188 375 529 55 189 221 108 192 475 106 417 461 
98 23 300 240 393 513 48 176 348 80 308 531 
79 306 464 80 191 226 33 62 344 345 428 450 
276 281 235 67 554 587 10 169 456 169 444 526 
535 179 260 120 255 493 144 253 346 207 497 514 
343 362 367 405 406 459 371 459 482 67 285 299 
354 198 87 161 214 563 167 210 254 10 400 582 
372 520 285 212 325 494 27 35 145 225 268 490 
78 314 17 14 373 568 12 140 462 170 405 416 
1 310 348 215 329 439 86 191 278 120 139 500 
50 95 538 316 449 532 202 232 510 219 262 317 
116 210 445 71 199 422 82 174 327 92 199 315 
548 562 482 211 335 376 122 380 554 242 277 379 
430 5 83 147 322 469 31 200 453 171 243 302 
121 141 267 180 233 385 252 356 464 290 342 407 
223 203 148 166 420 529 339 433 537 20 35 249 
85 553 397 16 35 593 212 486 556 297 311 376 
566 7 327 438 445 570 80 81 512 38 410 459 
6 274 146 104 198 521 185 267 457 127 397 557 
307 149 303 196 314 375 57 281 350 164 413 445 
485 457 570 155 239 480 118 388 528 57 190 544 
398 143 424 65 190 477 161 541 564 264 280 304 
403 113 106 126 135 200 289 379 410 152 406 446 
542 366 498 209 354 526 107 146 471 28 275 395 
545 133 184 195 300 584 127 270 493 34 46 211 
312 341 523 62 228 525 134 277 332 130 131 348 
134 423 118 88 219 462 259 345 418 99 436 533 
588 385 221 168 223 339 61 441 466 324 423 550 
358 208 258 192 324 535 74 135 225 41 174 375 
173 368 463 7 502 523 52 511 555 137 201 333 
581 181 530 9 194 282 141 292 465 279 510 559 
237 32 342 59 394 538 43 105 163 42 187 553 
395 408 43 253 284 400 125 215 335 115 116 227 
205 234 153 308 530 537 323 533 542 2 12 49 
215 56 19 11 146 163 244 336 576 238 365 594 
152 442 283 193 250 327 160 226 378 95 121 273 
591 429 551 184 407 461 306 524 589 61 162 583 
15 496 378 227 306 362 104 166 364 21 27 343 
439 294 190 82 447 479 32 303 544 186 372 529 
371 352 251 116 176 528 44 151 396 179 244 396 
456 164 347 10 484 583 156 237 302 13 364 408 
185 244 406 186 298 428 24 349 365 424 457 581 
297 585 254 60 68 509 20 258 307 150 306 515 
507 325 394 20 357 369 488 532 562 213 288 313 
216 308 220 98 137 262 91 138 309 340 475 505 
99 71 170 294 518 560 223 492 538 301 337 573 
556 500 417 257 483 557 170 313 477 52 422 534 
540 448 21 53 433 572 387 522 585 214 399 587 
60 227 280 19 287 546 79 362 540 30 107 560 
275 58 262 72 175 266 34 222 328 437 543 575 
76 383 336 66 277 435 392 448 451 60 274 499 
537 547 313 251 453 488 481 499 530 358 420 473 
495 509 301 169 331 380 36 227 266 156 165 508 
302 49 466 31 415 470 46 123 130 33 78 552 
323 324 12 84 138 234 435 438 513 63 69 112 
379 117 399 29 348 499 95 294 563 159 435 570 
432 161 75 24 151 183 137 195 245 355 374 414 
192 353 257 6 27 291 193 416 450 50 113 163 
52 349 242 70 143 364 98 443 550 11 44 51 
24 109 127 89 164 441 23 261 490 135 236 460 
550 451 292 508 511 531 59 308 355 350 524 576 
575 321 255 263 332 437 172 455 551 14 149 369 
120 309 271 352 434 446 175 340 373 29 181 203 
361 171 273 149 519 555 299 420 570 31 580 586 
299 449 172 360 436 501 2 290 575 346 418 509 
123 194 3 125 244 489 221 236 518 108 111 503 
531 10 317 45 100 359 4 154 304 218 579 588 
253 269 373 178 235 384 129 325 377 32 75 481 
334 224 401 241 390 569 181 314 516 331 332 574 
499 329 225 310 430 527 40 45 238 9 19 24 
245 44 18 87 326 367 49 152 390 305 326 449 
376 335 57 38 85 402 300 383 414 142 231 303 
446 119 494 2 172 503 102 363 500 53 381 478 
201 561 91 17 83 307 111 224 531 158 339 359 
479 592 70 76 245 545 66 77 437 77 383 513 
345 135 468 110 516 561 109 243 536 128 569 571 
579 557 508 225 285 432 56 199 280 323 335 464 
568 137 458 52 114 275 194 361 506 230 235 300 
196 565 236 97 107 152 9 184 534 237 482 530 
282 67 54 121 427 507 67 239 560 220 415 419 
396 156 102 37 113 286 88 186 467 217 234 472 
543 413 478 3 421 564 96 343 374 8 175 298 
142 88 525 173 304 592 257 404 591 392 393 440 
510 4 278 270 313 520 51 92 182 266 334 338 
270 272 28 39 274 289 291 407 480 100 241 484 
182 277 360 132 271 272 155 431 483 191 347 546 
207 66 249 381 416 567 41 187 403 101 520 558 
370 418 175 158 288 458 188 398 440 62 486 572 
415 437 9 78 309 317 84 121 171 194 281 566 
47 365 186 102 205 320 64 128 381 247 458 516 
38 107 163 136 374 475 39 539 590 79 257 287 
409 518 304 153 363 577 5 179 217 154 198 394 
339 84 489 42 371 398 30 168 376 96 296 474 
502 315 48 124 303 378 26 400 501 216 259 293 
506 26 14 150 305 541 271 276 449 129 180 541 
473 333 389 118 171 417 439 497 557 157 448 593 
126 524 2 93 243 551 85 240 408 289 295 539 

70 400 339 
190 6 222 
208 54 310 
413 203 37 
5 35 68 
83 65 161 
131 124 151 
198 44 118 
237 95 389 
369 170 59 
383 149 12 
341 186 409 
34 333 353 
187 388 153 
71 11 8 
373 264 172 
28 240 48 
241 228 382 
215 211 377 
335 405 166 
356 265 252 
295 210 348 
106 73 58 
116 42 47 
128 33 41 
318 20 15 
140 247 380 
320 138 306 
129 205 381 
273 365 82 
159 251 302 
315 115 307 
225 168 4 
155 317 109 
136 398 254 
392 219 276 
191 120 162 
133 81 67 
36 414 192 
300 419 80 
253 385 327 
189 31 119 
188 126 146 
256 201 90 
125 111 50 
332 26 173 
303 132 344 
255 232 340 
25 358 416 
337 368 177 
291 319 141 
22 21 200 
143 66 231 
74 296 24 
316 374 164 
403 169 1 
63 387 38 
196 284 355 
88 226 286 
274 209 53 
69 299 23 
322 347 19 
242 326 354 
96 171 105 
216 260 259 
272 204 112 
406 108 181 
262 324 250 
357 199 290 
137 367 384 
411 359 270 
420 197 227 
10 401 213 
372 87 134 
309 386 148 
122 27 113 
297 150 323 
206 399 223 
79 64 212 
292 371 84 
282 180 263 
139 93 245 
183 415 103 
293 362 261 
271 167 370 
217 61 312 
238 281 193 
77 152 268 
117 257 60 
13 49 176 
142 378 29 
229 375 127 
57 366 147 
249 329 352 
178 175 287 
233 391 395 
376 313 402 
14 345 185 
230 154 221 
298 16 236 
328 349 277 
55 244 45 
174 86 158 
202 43 46 
144 280 239 
17 194 279 
234 304 331 
9 135 32 
269 157 289 
364 107 314 
218 301 182 
288 99 308 
266 342 343 
412 100 94 
338 243 98 
207 121 350 
246 408 130 
156 283 417 
76 52 102 
407 40 390 
18 220 62 
7 393 165 
51 123 224 
97 85 3 
30 305 267 
248 145 163 
101 91 321 
184 397 179 
72 104 346 
258 78 363 
360 404 275 
336 89 294 
330 325 160 
394 114 75 
110 278 235 
334 418 2 
351 311 396 
361 379 92 
56 39 410 
195 214 285 

